30    200
42    730
270    1771
290    1911
261    1832
128    1248
323    1938
231    1582
49    829
161    1289
363    1968
188    1442
56    849
320    1923
459    2268
360    2144
85    1027
185    1437
112    1167
287    1769
270    1737
462    2351
161    1413
323    1887
99    1026
201    1474
194    1444
294    1894
102    1051
33    652
346    2038
15    32    21    21    13    15    27    5    34    30    12    9    30    8    23    25    31    5    14    12    34    29    5    8    19    28    16    32    9    16    18    20    18    15    5    9    24    33    18    29    32    6    13    34    13    31    20    19    19    10    7    29    16    30    24    17    7    13    30    20    12    13    20    26    31    18    15    17    8    19    19    26    10    28    17    11    29    22    21    15    6    6    11    18    6    21    8    13    16    14    5    28    15    23    34    18    16    29    29    15    22    24    13    17    12    28    17    26    6    24    31    12    34    29    8    6    20    16    14    16    30    27    12    28    11    9    29    10    31    12    5    27    12    26    10    18    22    9    11    29    7    12    11    10    16    5    18    8    29    24    30    12    28    31    7    11    9    20    20    19    34    7    23    24    33    30    5    20    16    14    32    21    13    16    35    10    19    19    33    21    14    13    29    23    17    9    9    14    28    34    14    32    13    26    18    29    27    31    14    14    
49    45    46    41    52    25    46    37    55    31    47    22    42    34    18    16    67    32    32    28    36    32    30    39    58    15    34    52    51    31    27    42    37    58    10    23    38    92    34    50    54    19    49    43    24    52    58    49    52    39    18    116    51    59    31    55    39    76    57    29    42    26    8    27    43    50    78    43    38    43    49    73    34    48    46    29    26    41    39    41    26    21    41    55    28    43    38    25    46    38    33    57    22    22    46    52    82    32    51    36    53    25    39    45    46    57    32    65    41    57    59    31    89    21    20    12    54    53    37    77    72    61    40    29    4    22    47    21    59    27    34    66    33    28    44    64    36    41    28    72    19    47    28    32    17    31    75    33    39    85    56    18    66    70    42    50    40    48    18    52    43    41    39    83    48    52    12    63    33    51    36    41    8    34    46    38    58    53    38    91    47    31    58    30    53    22    16    36    41    88    69    123    10    65    38    30    53    54    12    10    
59    42    43    32    49    23    62    37    67    49    57    37    52    24    36    14    73    42    30    28    33    16    20    48    68    13    40    58    56    29    24    46    53    55    8    8    42    89    24    60    66    18    42    29    21    58    53    46    49    45    18    116    61    56    20    48    49    81    63    27    52    23    26    25    40    40    78    55    50    53    39    81    32    34    43    42    15    53    48    53    32    7    47    65    40    52    28    22    32    27    35    63    31    40    50    49    82    30    61    26    50    16    48    42    43    54    14    62    36    54    65    35    95    39    32    9    50    50    49    77    73    51    52    38    21    5    59    10    68    36    27    63    19    26    34    61    45    38    26    69    4    36    15    44    35    21    75    45    49    85    46    28    59    79    35    44    46    39    16    55    40    28    36    89    52    61    24    73    15    41    33    51    23    31    55    47    55    62    27    93    56    15    67    48    50    18    12    45    27    85    69    129    25    62    28    27    65    60    22    23    
52    55    29    22    12    52    77    8    70    71    47    41    45    30    58    43    52    39    59    57    48    53    26    40    59    42    26    44    30    58    30    41    61    18    37    45    37    68    30    53    69    47    16    59    28    40    18    59    12    24    27    87    54    19    55    17    46    45    42    56    49    34    48    54    3    43    44    55    47    50    45    97    61    52    44    42    50    56    63    54    21    34    26    58    41    62    30    35    49    34    9    49    46    61    45    12    53    59    54    32    44    41    63    5    31    67    51    64    6    43    51    46    74    61    38    28    23    44    52    48    64    55    50    53    44    42    62    45    83    51    14    26    36    55    28    24    60    8    55    63    41    28    41    47    57    23    46    52    46    51    52    43    32    94    10    12    31    29    45    52    34    23    66    68    47    76    38    66    49    32    52    48    43    25    70    42    30    57    62    56    71    50    82    69    13    34    46    60    45    53    40    106    50    34    34    21    68    46    41    42    
57    37    38    29    44    28    60    32    67    47    54    33    50    21    34    19    68    40    35    33    28    27    17    43    66    18    35    53    51    34    19    41    49    50    13    18    37    84    21    58    66    23    38    35    16    53    49    41    44    40    13    111    59    51    26    44    47    76    58    32    50    18    24    30    35    37    73    55    48    51    36    80    37    35    38    37    21    53    46    53    27    8    42    63    39    50    25    17    31    25    29    58    29    38    45    44    77    35    59    23    45    9    46    37    38    49    27    57    30    49    60    30    90    37    27    4    46    45    49    72    68    48    52    36    20    15    59    16    66    34    23    58    20    31    31    56    43    33    31    64    10    35    12    44    33    18    70    43    47    80    43    26    55    77    31    40    41    36    21    50    35    25    42    84    47    59    24    71    17    38    28    49    19    26    53    42    50    57    33    88    54    19    65    45    45    10    21    43    28    80    64    124    26    57    25    22    65    55    17    18    
36    53    39    42    34    55    70    18    53    68    27    31    29    47    55    46    30    19    55    53    49    59    43    20    37    45    14    23    14    54    34    30    51    40    40    51    27    75    47    37    52    50    38    63    32    18    40    50    34    2    29    87    35    41    61    39    26    39    20    59    29    34    45    57    25    63    49    41    27    30    62    90    57    66    53    32    56    39    56    38    11    45    4    40    22    52    50    33    56    51    13    37    39    54    35    34    62    62    38    49    46    47    56    27    24    65    57    54    28    50    39    38    52    58    29    34    34    31    35    57    52    74    34    46    41    48    45    51    76    44    34    48    53    51    48    46    53    30    51    53    47    48    50    30    54    41    55    35    26    65    69    36    54    87    32    34    9    49    48    42    36    43    69    46    37    69    29    47    55    52    56    28    45    27    63    30    51    47    68    54    58    57    75    67    34    34    49    53    59    75    49    86    47    56    51    23    51    34    45    46    
66    51    40    4    26    47    79    24    80    68    60    47    59    14    55    38    68    50    54    52    41    43    10    53    73    37    39    57    48    53    25    51    63    36    32    34    47    86    14    67    79    42    19    56    23    56    30    55    30    40    27    94    68    37    42    25    57    59    58    51    60    32    45    49    21    25    56    65    58    61    29    99    56    37    26    51    37    66    65    66    34    22    42    72    51    69    12    31    31    18    25    62    48    59    55    30    60    54    68    16    47    34    65    23    40    63    42    71    13    51    64    44    90    58    41    25    27    47    62    55    70    37    64    55    41    33    72    32    85    53    4    44    20    50    10    42    62    26    50    66    31    10    26    57    54    7    53    62    57    63    36    45    36    96    12    21    45    11    40    62    37    5    58    84    57    78    42    80    38    14    49    59    40    28    72    52    48    67    49    73    73    35    84    66    31    27    40    62    30    65    47    114    47    52    18    24    78    59    38    39    
71    53    49    21    42    36    75    38    81    61    69    48    64    11    48    27    80    54    43    41    42    31    7    60    80    26    49    67    62    42    31    58    65    51    21    22    54    95    11    72    80    31    35    45    29    67    46    57    45    52    29    110    73    52    30    41    61    75    70    40    64    34    38    38    36    27    72    69    62    65    26    94    45    36    43    53    25    67    61    67    42    9    54    77    54    65    15    33    34    14    37    72    44    52    62    45    76    43    73    13    56    26    61    38    49    65    30    73    29    60    74    46    102    51    43    21    43    56    63    71    79    38    66    51    34    21    73    20    81    49    20    59    3    39    21    57    58    41    39    75    18    27    19    58    47    10    69    58    61    79    30    41    52    92    28    37    55    28    29    66    46    18    46    96    64    74    38    85    31    28    42    63    33    37    68    59    61    74    37    89    69    23    80    59    46    27    28    58    29    82    63    130    38    67    15    33    79    69    31    32    
53    36    37    24    37    37    66    21    67    53    47    30    46    23    40    28    59    36    44    42    27    35    19    40    60    27    26    44    43    43    5    38    48    43    22    27    34    83    23    54    66    32    31    41    3    44    42    40    37    31    8    100    55    44    38    37    43    65    49    41    46    13    30    39    28    39    62    52    44    47    38    86    46    45    24    36    33    53    52    53    18    18    33    59    36    56    27    16    27    27    19    49    35    44    42    37    66    44    55    25    44    23    52    30    35    48    33    56    19    48    51    29    81    43    23    10    36    44    49    61    64    50    51    42    26    24    59    28    72    40    16    51    29    40    30    49    49    22    40    63    23    27    26    44    39    17    59    49    43    69    45    32    48    83    23    28    32    31    30    49    34    22    51    75    44    65    27    67    31    34    34    45    25    25    59    39    49    54    45    79    60    33    71    51    38    11    30    49    38    66    53    115    32    43    27    21    65    46    23    24    
34    48    34    41    36    50    65    20    48    63    23    24    27    44    50    41    42    17    50    48    44    54    40    16    36    40    2    20    21    49    29    18    46    42    35    46    22    80    44    35    47    45    40    58    27    20    42    45    36    10    24    98    31    43    56    41    24    50    27    54    27    29    40    52    27    60    60    36    25    28    59    85    52    62    48    27    51    34    51    34    6    40    13    40    17    47    48    28    51    48    15    25    34    49    30    36    64    57    36    46    41    42    51    29    21    60    52    49    30    45    27    31    63    53    20    29    36    25    30    59    40    71    32    41    36    43    40    46    71    39    33    50    50    46    47    48    48    29    46    41    42    47    45    25    49    38    57    30    24    67    66    31    56    82    34    36    8    48    43    37    31    42    64    58    32    64    24    48    50    51    51    26    40    22    58    21    46    42    63    66    53    52    70    62    36    29    44    48    55    77    51    98    42    54    48    18    46    22    40    41    
55    52    51    42    55    16    58    47    60    47    53    36    48    35    34    12    76    39    23    20    43    28    33    44    64    11    43    61    60    24    33    47    49    61    6    19    43    97    35    56    59    6    54    43    31    61    61    56    55    48    28    124    57    62    27    60    45    85    66    20    47    33    24    11    46    51    86    48    43    48    50    77    21    46    52    41    22    46    44    46    39    21    50    61    33    48    39    32    44    39    44    66    27    38    51    55    90    28    57    37    58    28    44    48    51    64    28    70    47    62    68    45    98    37    36    20    59    58    42    85    81    62    45    34    20    19    52    17    64    32    41    69    30    22    45    67    41    46    15    77    17    48    29    37    24    34    83    41    46    93    57    24    71    75    47    55    49    49    10    58    48    40    35    92    53    57    17    69    29    52    36    46    24    39    51    43    63    58    34    99    52    27    63    46    56    27    13    41    39    94    77    132    17    71    39    35    58    63    25    26    
49    26    31    29    41    35    58    24    62    50    45    22    42    26    37    26    57    32    42    40    26    32    22    38    58    25    24    42    41    41    15    36    38    47    20    24    32    77    26    50    61    30    36    38    10    42    47    30    41    29    2    103    51    48    35    42    39    66    47    39    42    7    27    37    32    42    65    50    40    43    41    80    44    43    34    26    30    48    46    48    16    18    31    55    31    50    30    6    36    30    21    47    29    41    40    41    69    42    51    28    38    20    46    34    31    38    30    46    24    42    49    19    79    40    16    7    41    38    44    64    61    53    47    36    23    21    54    25    66    34    21    55    30    38    35    53    43    26    38    57    20    35    23    39    36    21    62    43    39    72    48    26    53    77    29    38    30    36    28    39    28    28    49    73    42    59    22    63    28    39    31    41    22    19    53    37    43    52    42    81    54    30    65    43    41    7    27    43    36    76    56    113    29    51    30    15    60    44    20    21    
68    49    43    15    37    41    74    35    79    62    64    45    61    3    49    32    74    55    48    46    38    35    1    54    77    31    43    61    56    47    25    52    61    45    26    26    48    89    3    69    78    36    30    50    23    61    41    53    39    46    25    105    70    46    34    36    62    70    64    45    65    30    39    43    30    19    67    66    62    66    18    94    50    30    37    49    29    65    60    65    37    15    48    74    52    64    7    29    28    7    35    66    43    53    56    39    71    48    70    5    50    27    60    32    43    61    35    69    24    54    68    42    96    52    39    22    38    50    61    66    73    30    64    50    35    26    71    24    80    48    15    53    11    44    13    51    57    35    44    69    24    21    19    56    48    4    64    57    62    74    25    40    47    91    23    32    49    22    34    62    40    11    50    90    58    73    42    82    30    20    44    64    35    31    67    53    55    68    41    83    68    27    79    61    40    24    33    57    23    76    58    125    41    61    7    27    77    63    33    34    
65    48    49    20    39    34    71    33    77    58    63    44    58    12    45    25    75    48    41    39    39    28    8    54    74    24    43    61    59    40    29    52    60    49    19    19    48    95    12    66    76    29    32    42    27    61    43    52    43    47    23    107    67    50    27    38    55    72    65    38    58    29    35    36    34    27    69    65    56    59    27    91    43    21    40    48    22    63    57    63    35    6    49    71    49    61    16    28    19    15    32    66    40    49    56    43    73    41    67    14    56    23    57    36    49    60    27    68    26    60    68    41    97    48    38    15    40    56    59    68    79    39    62    47    31    18    69    17    77    45    17    57    13    37    22    55    54    39    37    75    15    23    10    54    44    9    66    54    55    76    34    37    49    88    25    34    49    27    27    61    46    15    43    91    58    70    34    79    22    29    39    57    30    37    64    53    61    68    34    86    65    20    76    56    44    23    25    54    14    79    60    127    36    65    16    33    75    63    28    29    
61    53    38    14    16    54    81    16    79    71    56    48    54    24    58    45    61    47    61    59    43    49    20    49    68    44    35    53    39    60    27    50    65    27    39    41    46    77    24    62    78    49    9    60    25    49    20    57    21    33    29    86    63    28    49    15    54    51    51    58    57    34    48    56    12    35    48    64    55    58    39    101    63    44    36    51    44    65    67    63    30    29    35    67    50    71    22    33    41    28    18    58    50    62    54    21    52    61    63    26    45    38    67    14    38    65    47    73    3    49    60    46    83    61    41    31    20    45    61    47    68    47    59    57    44    38    71    39    87    55    6    35    29    57    20    33    64    17    57    64    37    20    33    56    57    17    45    61    54    55    46    47    26    98    2    11    40    21    47    61    35    15    65    77    56    80    44    75    45    24    53    56    44    26    74    51    39    66    56    65    75    42    86    70    22    29    45    64    37    56    39    106    50    43    28    22    77    55    42    43    
40    50    49    47    53    33    36    36    48    42    38    14    33    41    23    24    64    23    31    29    44    40    37    31    49    23    31    49    48    30    35    35    27    59    18    31    31    95    41    41    47    25    54    51    32    49    59    46    53    36    22    115    42    60    39    58    30    73    54    37    33    31    25    33    44    57    77    36    31    34    56    56    33    56    54    19    34    34    22    34    23    31    38    46    19    26    45    30    54    45    32    54    5    20    39    53    81    40    42    43    56    33    22    46    49    60    40    58    44    60    56    27    86    38    16    20    53    54    30    76    69    68    33    12    21    31    40    29    42    10    39    67    42    27    51    65    19    44    27    70    29    53    36    25    29    37    74    19    30    84    63    2    71    53    47    53    37    54    26    40    46    48    47    80    41    35    5    54    41    57    44    32    25    37    29    30    61    36    46    88    30    39    41    37    53    30    27    19    49    94    68    120    27    69    45    33    46    51    29    27    
52    56    55    46    59    19    55    48    57    51    50    33    45    39    38    16    73    36    12    10    47    32    37    41    61    15    40    58    57    11    37    44    46    65    10    23    40    101    39    53    56    8    58    47    35    58    65    60    59    45    32    127    54    66    31    64    42    82    63    27    44    37    28    16    50    55    89    45    40    45    54    63    14    50    56    38    26    43    41    43    38    25    47    58    30    45    43    36    48    43    44    63    24    39    48    59    93    32    54    41    62    32    38    52    55    68    32    67    51    66    65    46    95    41    35    24    63    62    39    88    78    66    42    31    22    23    49    21    61    29    43    73    34    8    49    71    38    50    8    79    21    52    33    34    18    38    86    37    43    96    61    21    75    72    51    59    46    53    12    55    52    44    39    89    50    54    14    66    33    56    40    43    28    43    48    40    67    55    38    97    49    31    60    50    60    31    19    38    43    98    80    129    19    75    43    39    55    60    29    30    
33    49    35    42    40    44    58    24    44    60    26    13    26    42    45    35    48    16    43    41    45    49    38    15    42    34    15    33    32    42    30    13    33    46    29    41    9    81    42    34    43    39    44    55    28    33    46    32    40    20    21    103    35    47    50    45    23    57    38    48    26    30    37    45    31    58    65    27    24    27    57    78    45    60    49    14    45    30    43    30    7    36    22    39    13    34    46    29    52    46    20    33    27    42    17    40    69    51    35    44    42    37    44    33    29    61    47    36    34    46    40    20    70    50    11    24    41    34    26    64    51    69    29    34    33    38    36    40    64    32    34    54    48    39    48    52    41    30    39    51    37    48    40    21    46    37    62    26    23    72    64    24    60    75    38    40    16    49    37    24    32    43    58    64    19    57    17    47    45    52    48    25    37    23    51    14    47    29    57    72    49    47    63    59    41    30    38    41    53    81    56    104    39    55    46    19    42    35    37    38    
66    49    50    21    40    34    72    34    77    58    64    45    59    12    45    25    76    49    41    39    39    28    8    55    75    24    44    62    60    40    29    53    61    50    19    19    49    96    12    67    76    29    33    42    27    62    44    53    44    48    25    108    68    51    27    39    56    73    66    38    59    30    35    36    35    28    70    65    57    60    27    92    43    27    43    49    22    63    58    63    36    6    50    72    50    62    16    29    24    14    33    67    41    49    57    44    74    41    68    14    57    23    58    37    50    61    27    69    27    61    69    42    98    48    39    16    41    57    59    69    80    39    62    48    31    18    69    17    78    46    18    58    11    37    22    56    55    40    37    76    15    26    10    54    44    10    67    55    56    77    34    38    50    89    26    35    50    28    27    62    47    16    43    92    59    71    34    80    21    29    39    58    30    38    65    54    62    69    34    87    66    18    77    56    45    24    25    55    16    80    61    128    36    66    16    34    75    64    28    29    
53    56    39    25    12    60    78    6    71    74    48    43    46    35    61    51    53    42    66    64    49    59    31    41    60    50    27    45    31    65    32    43    63    20    45    51    39    82    35    54    70    55    19    66    30    41    25    60    19    25    32    73    55    33    60    28    48    38    43    64    50    36    51    62    17    46    35    57    48    53    50    98    68    55    47    44    55    57    64    55    27    40    27    59    42    64    33    36    52    39    10    50    47    62    47    26    39    67    55    37    46    47    64    19    39    68    57    66    10    50    52    48    75    64    41    37    16    46    53    34    65    58    51    54    47    48    63    50    84    52    17    40    40    62    31    31    61    19    62    65    47    31    44    48    60    28    32    53    48    42    57    44    39    95    13    24    32    32    53    54    36    26    74    69    49    77    45    67    55    35    59    51    50    27    71    44    44    59    67    52    72    53    83    73    11    35    54    61    48    67    26    93    53    48    39    23    69    47    48    49    
56    49    48    39    52    18    57    45    61    44    54    35    49    32    31    3    73    40    25    23    40    25    30    45    65    2    40    58    57    24    30    45    48    58    3    15    41    94    32    57    60    9    51    40    28    58    58    53    52    45    25    121    58    59    24    57    46    82    63    16    48    30    21    20    43    48    83    49    44    49    47    76    27    43    49    40    19    47    43    47    37    18    47    62    34    47    36    29    41    36    42    63    26    35    49    52    87    19    58    34    55    25    43    45    48    61    24    68    44    59    65    42    95    34    33    17    56    55    43    82    78    59    46    33    16    16    53    14    63    31    38    66    27    21    42    64    40    43    21    74    14    45    26    38    26    31    80    40    47    90    54    23    68    74    44    52    46    46    11    56    45    37    26    89    51    56    18    70    26    49    33    47    21    36    50    44    60    57    31    96    51    24    62    43    53    24    6    40    36    91    74    129    14    68    36    32    59    60    22    23    
14    61    51    56    50    52    62    34    40    66    12    32    7    57    49    45    52    3    50    48    57    61    53    8    23    44    22    40    36    49    44    32    52    56    42    53    28    97    57    15    39    46    54    66    42    40    56    51    50    24    37    109    16    57    63    55    10    61    42    58    11    42    43    52    41    73    71    28    9    14    72    82    52    72    63    33    58    26    48    16    23    51    26    20    10    52    61    41    66    61    29    45    31    46    36    50    78    61    16    59    58    52    48    43    41    73    59    55    44    62    47    39    74    56    30    42    50    45    22    73    60    84    12    38    39    50    32    53    68    36    48    64    60    46    62    62    45    46    46    61    49    62    55    17    52    52    71    22    10    81    79    28    70    79    48    50    19    63    45    43    48    57    68    68    38    61    24    28    60    66    59    12    43    39    55    18    63    39    70    76    45    60    67    63    50    42    48    45    65    91    65    108    45    71    61    35    38    42    47    45    
58    53    52    43    56    8    61    50    63    48    56    39    51    36    35    13    77    42    23    21    44    29    34    47    67    12    44    62    61    22    34    49    52    62    7    20    45    98    36    59    62    3    55    44    32    62    62    57    56    49    29    125    60    63    28    61    48    86    67    16    50    34    25    20    47    52    87    51    46    51    51    74    22    47    53    44    23    49    47    49    42    22    51    64    36    51    40    33    45    40    47    67    30    39    53    56    91    29    60    38    59    29    47    49    52    65    29    72    48    63    69    46    99    38    37    21    60    59    45    86    82    63    48    37    21    20    55    18    67    35    42    70    31    19    46    68    44    47    17    78    18    49    30    40    29    35    84    44    49    94    58    27    72    78    48    56    50    50    1    60    49    41    36    93    55    60    20    72    30    53    37    49    25    40    54    46    64    61    35    100    55    28    66    47    57    28    16    44    40    95    78    133    24    72    40    36    61    64    26    27    
56    59    42    23    10    60    81    9    74    77    51    46    49    33    64    51    56    45    67    65    51    58    29    44    63    50    30    48    36    66    33    46    66    28    45    50    42    83    33    57    73    55    14    68    31    44    21    63    19    28    35    88    58    34    58    27    51    46    46    64    53    39    54    62    18    44    44    60    51    56    48    101    69    53    45    47    53    60    67    58    30    38    30    62    45    67    31    39    50    37    13    53    50    65    50    27    48    67    58    35    49    47    67    20    42    71    56    69    9    53    55    51    78    67    44    37    8    49    56    42    68    56    54    57    50    47    66    48    87    55    15    41    38    63    29    39    64    22    63    68    46    29    42    51    63    26    39    56    51    57    55    47    38    98    11    23    35    30    53    57    39    24    74    72    52    80    46    70    54    33    61    54    52    30    74    47    45    62    65    64    75    51    86    76    15    37    54    64    46    68    30    108    56    49    37    26    72    50    50    51    
53    37    38    33    44    25    59    33    62    47    51    26    46    27    34    16    66    36    32    30    28    29    23    43    62    15    33    51    50    31    19    41    44    50    10    18    37    84    27    54    61    20    42    27    16    51    50    41    44    38    12    112    55    51    28    48    43    75    56    29    46    18    24    27    35    43    74    50    44    47    42    80    34    40    38    33    23    48    46    48    25    13    40    59    34    50    31    17    38    31    30    56    29    38    45    44    78    32    55    29    45    17    46    37    38    49    27    57    33    49    58    30    88    37    22    4    49    45    44    73    68    54    47    36    14    15    54    18    66    34    27    58    25    28    37    56    43    33    28    64    12    39    20    39    33    23    71    43    43    81    49    26    59    77    35    42    39    40    18    50    35    32    39    82    47    59    19    67    25    43    20    45    11    26    53    42    50    57    35    88    54    27    65    37    45    11    16    43    33    80    65    122    24    57    31    22    60    53    9    10    
23    64    54    60    57    56    65    41    43    69    21    35    16    64    52    49    55    6    54    52    60    64    60    17    32    48    25    43    39    53    47    35    55    63    47    56    31    100    64    24    42    50    61    69    45    43    63    54    57    27    40    112    25    64    66    62    1    64    45    62    9    45    46    56    48    80    74    31    9    12    79    85    56    75    66    36    61    29    51    21    29    54    29    29    16    55    68    44    69    68    37    48    34    49    39    57    86    65    25    66    61    55    51    50    44    76    62    58    51    65    50    42    77    59    33    45    58    48    25    81    63    91    16    41    42    53    35    56    71    39    56    71    63    50    66    69    48    49    50    64    52    66    58    20    55    59    79    25    1    89    86    31    77    82    55    57    28    67    49    46    51    61    72    71    41    64    28    37    63    70    62    10    46    42    58    26    66    42    73    79    48    63    70    66    58    45    52    48    68    98    73    111    48    74    68    38    41    45    50    48    
48    40    17    27    32    43    68    16    62    60    40    27    41    29    47    34    52    31    50    48    36    42    25    33    53    33    19    37    30    49    21    31    51    38    28    34    27    63    29    49    61    38    30    48    21    37    38    39    32    24    12    95    48    39    45    36    38    56    42    47    41    14    37    45    23    45    57    45    39    42    44    88    52    53    41    32    40    48    54    48    11    27    26    54    31    52    33    20    46    33    12    42    37    51    35    30    61    50    50    31    24    30    54    25    17    52    40    53    18    28    44    26    74    50    20    17    33    24    44    56    47    56    46    44    33    31    54    35    74    42    19    46    35    46    33    42    51    12    46    43    30    33    33    39    46    23    54    44    38    64    51    34    47    85    23    27    25    34    36    42    14    28    57    68    37    67    27    62    38    37    41    40    32    5    61    32    29    47    52    71    62    40    73    57    33    21    37    51    46    72    48    108    39    37    33    1    60    39    30    31    
21    62    52    58    55    52    63    40    41    67    19    33    14    62    50    45    53    4    50    48    58    62    58    15    30    44    23    41    37    49    45    33    53    61    44    54    29    98    62    22    40    46    59    67    43    41    61    52    55    25    38    110    23    62    64    60    4    62    43    58    6    43    44    52    46    78    72    29    4    7    77    83    52    73    64    34    59    27    49    16    27    52    27    27    12    53    66    42    67    66    36    46    32    47    37    55    85    61    23    64    59    53    49    48    42    74    60    56    49    63    48    40    75    57    31    43    57    46    23    80    61    89    11    39    40    51    33    54    69    37    54    69    61    46    64    67    46    47    46    62    50    64    56    18    53    57    78    23    6    88    84    29    75    80    53    55    26    65    45    44    49    59    68    69    39    62    24    35    61    68    60    5    44    40    56    24    64    40    71    77    46    61    68    64    56    43    48    46    66    96    72    109    46    72    66    36    39    43    48    46    
25    59    50    55    53    42    55    37    29    57    23    26    18    53    42    35    54    8    40    38    55    54    49    13    34    34    21    39    38    39    43    28    46    59    34    46    24    96    53    26    28    36    57    60    41    39    59    47    53    26    35    111    27    60    54    58    15    63    44    48    18    40    34    42    44    69    73    17    12    19    68    75    42    69    62    29    49    15    41    15    22    45    28    31    2    45    57    39    65    57    32    44    24    39    32    53    81    51    27    55    57    47    39    46    40    71    52    51    47    61    46    35    76    47    26    35    53    44    11    76    59    80    14    31    30    43    21    44    61    29    47    67    55    36    61    65    38    45    36    60    42    61    50    6    43    48    74    11    15    84    75    21    73    72    51    53    27    62    35    39    47    56    58    70    34    54    14    39    53    65    53    17    34    38    48    12    62    28    61    78    34    53    60    56    53    40    38    38    62    94    68    110    36    70    57    34    27    41    38    36    
53    34    35    27    41    34    62    25    66    49    49    27    46    23    36    25    61    36    41    39    18    31    19    42    62    24    28    46    45    40    14    40    46    48    19    23    36    81    23    54    65    29    34    37    6    46    45    38    42    33    6    104    55    49    34    40    43    69    51    38    46    15    26    36    33    39    66    54    44    47    38    82    43    42    33    34    29    52    48    52    20    15    35    59    35    52    27    9    28    27    22    51    31    40    44    42    70    41    55    25    42    19    48    35    35    46    29    54    24    46    53    27    83    39    21    6    41    42    48    65    65    50    51    38    22    20    58    24    68    36    19    56    27    37    33    54    45    28    37    61    19    32    22    43    35    18    63    45    43    73    45    28    51    79    27    36    34    34    27    47    32    24    48    77    46    61    24    67    27    37    30    45    21    23    55    41    47    56    41    83    56    29    67    47    42    4    26    45    35    75    57    117    28    52    27    19    64    48    19    20    
64    48    49    33    52    23    62    42    70    49    62    40    57    24    36    14    78    47    30    28    39    14    20    52    73    13    45    63    62    29    30    50    53    60    8    5    46    95    24    65    69    18    45    36    27    63    56    52    54    50    24    120    66    61    13    51    54    85    68    27    57    29    26    25    45    40    82    58    53    58    39    81    32    35    49    45    8    56    48    56    38    8    52    70    43    52    28    28    33    28    39    68    31    40    54    54    86    30    66    26    56    22    48    47    49    60    16    68    39    60    70    41    100    39    37    15    53    56    52    81    79    51    55    38    22    5    62    3    68    36    30    68    20    26    34    66    45    44    26    75    3    37    18    47    35    22    79    45    54    89    46    28    62    79    38    47    51    40    16    61    46    29    29    94    56    61    27    78    20    41    35    56    26    37    55    51    61    62    20    98    56    13    67    48    55    23    14    45    28    91    73    134    25    68    28    33    68    65    24    25    
