60    200
111    1106
223    1636
387    2172
376    2132
283    1705
322    1970
220    1522
54    815
288    1921
77    947
337    2050
355    1963
270    1774
410    2074
31    665
166    1459
80    1041
137    1243
33    698
49    790
168    1419
72    964
262    1646
64    924
361    1939
49    770
358    2025
98    1052
400    2117
80    954
397    2255
181    1490
402    2286
223    1676
355    1905
200    1606
350    1920
205    1543
262    1708
192    1550
283    1725
57    776
179    1445
137    1261
345    1937
402    2146
309    1923
51    834
407    2222
163    1470
316    1963
111    1161
309    1787
124    1217
215    1550
374    2066
111    1134
316    1848
290    1761
314    1826
23    34    33    20    8    34    6    18    9    22    26    9    29    32    12    29    19    24    12    15    32    24    13    7    17    6    11    8    9    34    26    33    7    7    6    30    28    10    19    16    17    25    29    20    27    17    22    8    30    12    25    21    16    24    15    13    11    15    35    13    8    6    14    7    23    30    8    32    5    30    31    32    19    20    24    16    30    15    11    5    29    32    16    23    29    11    16    8    17    29    5    21    8    5    20    9    20    20    15    20    30    16    32    12    35    25    35    28    16    33    22    21    20    18    6    35    9    26    30    24    34    34    5    5    7    17    33    21    25    22    27    26    11    33    23    15    9    23    20    32    33    35    18    21    27    29    8    14    23    31    19    27    17    14    23    8    5    11    20    19    27    18    14    32    18    5    22    6    32    33    27    14    5    32    7    22    32    33    8    24    16    8    18    8    5    16    15    20    10    7    28    33    35    20    34    23    30    30    25    33    
25    25    64    33    28    37    22    27    35    49    48    41    45    74    29    52    47    54    15    51    72    41    47    23    56    18    10    38    24    43    26    34    46    41    24    42    47    36    36    25    31    42    73    29    66    48    41    12    13    42    43    70    45    22    32    58    39    10    43    41    21    42    42    31    66    44    44    61    5    80    20    40    43    53    40    44    47    35    1    42    43    38    33    61    65    19    11    33    61    22    27    21    47    33    42    43    30    28    39    65    68    27    34    40    49    62    54    46    28    68    73    26    66    44    28    62    29    60    66    70    63    55    5    50    24    13    61    46    53    61    15    47    36    46    55    31    18    54    60    46    81    68    16    67    31    69    40    45    41    40    39    47    26    36    60    6    27    31    31    41    72    61    27    38    11    34    60    18    38    109    58    45    33    48    46    31    45    63    32    62    21    33    50    21    22    58    50    41    39    19    37    64    58    34    73    60    53    86    44    36    
31    24    44    57    52    35    29    23    52    66    46    48    52    69    19    76    38    49    39    57    79    53    42    40    62    32    37    33    48    49    39    49    27    16    6    44    45    6    28    38    50    49    77    20    77    50    60    36    41    37    48    89    57    46    39    55    58    36    67    52    45    29    33    14    61    68    47    68    30    99    40    43    54    30    31    39    53    52    31    44    20    38    25    57    67    40    35    15    32    46    46    38    35    53    45    45    26    49    42    61    55    44    58    53    66    51    49    41    24    57    69    47    68    60    47    57    20    58    68    74    65    46    29    48    48    34    54    16    37    64    39    50    34    43    60    54    42    50    40    42    87    72    29    62    53    50    10    40    52    38    31    26    50    28    79    29    32    50    23    39    68    41    51    59    39    28    59    14    38    113    77    47    40    55    50    55    61    47    10    73    36    5    38    44    24    38    52    52    11    18    56    48    53    40    92    49    69    90    41    49    
46    33    66    27    19    39    26    49    4    18    50    27    49    72    55    46    47    51    29    32    70    37    44    17    37    23    36    35    17    24    48    55    48    46    46    25    49    54    62    45    37    33    54    36    49    31    19    26    40    39    47    48    20    37    26    44    13    35    57    16    15    42    42    39    64    38    30    47    26    58    45    32    26    58    47    42    46    23    31    25    62    39    58    48    48    25    26    40    66    36    5    17    47    10    34    26    52    34    31    51    69    23    28    14    18    69    51    54    50    70    59    32    49    16    4    60    36    61    49    51    46    55    26    33    11    36    59    64    54    50    29    39    38    67    49    23    22    41    62    68    62    49    38    65    38    76    52    43    24    42    65    67    20    61    38    34    19    9    57    63    58    63    27    44    36    30    54    48    39    90    36    28    14    39    27    21    69    67    47    45    39    51    50    19    24    60    40    24    49    49    15    68    55    33    51    60    32    67    31    39    
25    26    62    34    29    35    21    25    36    50    46    42    44    72    27    53    45    52    16    50    71    42    45    24    55    16    16    36    25    42    22    35    44    41    21    41    45    33    34    21    32    43    72    30    67    47    42    13    20    40    42    71    46    23    33    56    40    15    44    42    22    40    40    28    64    45    43    62    7    81    13    39    44    53    41    42    46    36    6    41    40    36    31    59    64    20    12    29    59    23    28    22    45    34    41    42    28    29    38    63    66    28    35    41    50    60    52    47    26    66    71    27    65    45    29    60    29    58    65    69    62    53    6    49    25    15    59    43    51    60    16    46    34    45    54    32    19    52    58    44    80    67    12    65    32    67    37    43    42    38    37    45    27    34    61    2    26    32    29    37    70    59    28    39    16    31    58    16    36    108    59    44    32    49    45    32    44    63    28    63    19    30    48    22    20    56    49    42    36    17    38    64    56    33    74    58    54    85    42    35    
60    36    59    49    43    33    28    59    31    45    44    21    51    59    59    68    37    41    46    17    67    40    34    29    22    31    53    23    39    9    56    72    40    46    49    8    43    56    66    55    46    32    27    39    48    14    44    43    57    25    49    73    39    50    26    25    40    52    74    26    37    32    32    42    51    60    15    49    43    83    58    29    28    58    50    29    46    41    47    6    65    32    63    29    31    37    41    43    63    53    30    27    35    33    31    9    62    46    28    32    59    33    50    27    45    72    41    57    60    64    40    44    25    38    31    47    39    54    32    24    29    45    43    10    36    53    46    66    46    33    46    36    32    79    46    43    42    22    55    78    47    22    46    52    50    79    52    30    26    36    69    70    42    66    63    46    19    34    61    71    39    56    49    56    52    22    51    54    32    63    61    11    13    38    2    43    86    67    50    38    51    51    39    36    27    55    23    26    49    56    40    68    42    33    76    50    47    40    14    44    
43    17    50    37    32    22    9    40    25    39    33    16    32    55    40    56    30    34    30    26    53    27    27    15    31    12    33    18    28    18    39    52    31    30    30    17    32    38    47    36    30    21    48    20    46    23    34    28    37    22    30    63    29    34    7    33    32    32    59    21    25    25    25    23    47    48    18    40    23    73    41    15    23    42    31    25    26    28    28    17    46    22    44    37    40    21    25    24    50    38    20    14    30    27    16    18    43    30    14    40    52    20    38    22    39    53    34    38    41    53    48    28    41    32    21    43    20    44    41    45    38    38    23    25    25    33    42    48    37    36    31    22    21    60    31    30    27    30    46    59    56    43    29    48    34    60    36    26    21    25    50    51    30    47    53    29    2    24    42    54    47    47    37    40    33    13    37    35    22    84    51    20    8    27    21    32    66    51    31    42    33    35    33    23    8    44    25    21    33    37    30    52    38    15    66    43    41    61    19    28    
46    20    38    48    43    4    16    43    39    53    15    32    39    49    40    67    19    28    37    37    63    40    21    27    42    21    41    12    39    29    42    58    14    18    25    23    14    37    47    41    37    35    56    23    61    29    51    35    45    16    37    80    43    42    25    34    48    40    66    36    36    10    14    18    41    59    29    54    33    90    44    25    38    43    34    19    40    39    34    23    44    12    44    36    46    29    32    23    42    45    37    25    16    44    27    24    46    38    24    40    37    31    49    37    53    56    28    41    44    35    48    36    47    46    38    37    23    27    47    53    44    27    32    27    36    40    35    47    24    46    38    32    3    63    42    41    35    29    34    62    67    51    32    42    42    63    29    20    36    7    50    49    41    47    70    32    16    41    42    57    47    35    48    48    40    7    32    34    14    92    68    26    23    41    29    43    72    41    30    57    38    29    19    33    11    34    31    36    31    37    47    48    32    27    83    32    55    69    20    36    
25    31    68    39    34    44    28    26    41    55    55    47    51    81    28    58    54    61    21    59    78    47    54    29    64    26    15    45    30    51    35    18    52    46    26    50    54    37    35    33    37    48    81    35    72    56    47    18    25    49    49    76    51    28    38    65    45    20    49    47    27    49    49    37    73    50    51    67    11    86    30    48    49    59    46    51    53    41    16    50    45    45    32    68    73    25    17    39    63    28    33    27    54    39    50    51    29    34    47    72    75    33    40    46    55    63    61    52    27    75    80    32    74    50    34    69    35    67    74    78    71    62    11    58    30    7    68    47    60    69    21    55    43    46    61    37    24    61    64    45    89    76    25    74    37    68    41    52    47    47    38    46    32    35    66    15    35    37    30    46    79    65    33    44    21    40    67    17    45    117    64    53    41    54    54    37    32    69    32    68    27    35    57    27    29    64    58    47    41    18    43    70    65    40    79    67    59    94    51    42    
22    22    61    30    25    36    19    25    32    46    47    38    42    73    32    49    46    53    12    49    69    38    46    20    54    16    11    37    21    41    26    31    43    38    26    41    46    37    39    24    28    39    71    26    63    47    38    9    16    41    40    67    42    19    29    57    36    11    40    38    18    41    41    29    65    41    42    58    3    77    21    39    40    50    37    43    44    32    4    41    45    37    34    60    64    16    8    30    58    19    24    18    46    30    41    42    28    25    38    64    67    24    31    37    46    59    53    43    26    67    72    23    65    41    25    61    26    59    65    68    62    54    2    49    21    12    60    47    51    60    12    46    35    43    52    28    15    53    57    44    79    66    16    66    28    66    41    44    38    39    42    50    23    39    57    8    26    28    34    41    71    58    24    35    8    33    59    21    37    107    55    44    31    45    44    28    45    60    34    59    18    35    49    18    21    55    49    38    41    22    34    61    57    31    70    59    50    84    43    33    
22    28    57    47    42    43    33    4    49    63    54    52    56    80    16    66    53    59    29    61    83    55    52    37    66    30    29    43    38    53    36    40    41    34    15    50    53    25    23    35    45    53    82    27    80    56    55    26    33    47    52    84    59    36    43    64    53    28    57    55    35    45    48    27    72    58    51    72    20    94    34    47    57    47    38    50    57    49    24    50    33    44    13    67    73    33    25    27    51    36    41    35    51    47    49    51    7    42    46    71    68    41    48    54    63    51    59    48    5    70    79    40    74    58    42    68    27    66    74    79    71    61    19    57    38    25    67    35    51    68    29    54    42    24    64    45    32    60    53    23    91    77    26    73    45    56    29    51    55    46    26    34    40    23    74    20    36    45    18    34    78    54    41    52    29    38    66    5    44    118    72    53    43    59    56    45    48    58    20    76    33    23    54    35    28    53    57    55    29    6    51    59    63    44    87    63    67    95    50    49    
55    32    27    60    55    20    28    47    50    64    31    42    51    46    44    79    15    34    49    47    73    52    22    39    52    33    51    22    51    39    54    70    2    13    29    33    30    33    51    53    49    46    65    28    72    39    63    47    55    26    49    92    54    54    36    44    59    50    78    47    48    6    10    23    38    71    39    65    42    102    56    35    49    36    39    16    52    51    46    32    44    21    48    46    56    41    44    27    32    57    49    37    12    56    37    34    50    50    34    50    28    43    61    48    64    61    38    49    48    40    58    48    57    57    50    34    28    43    57    62    54    23    41    34    48    51    31    45    8    56    50    42    19    67    52    53    47    39    23    66    77    60    44    39    54    68    23    17    47    23    54    49    53    51    82    44    27    53    46    62    57    20    60    60    51    17    43    38    21    101    80    36    34    52    39    55    84    43    32    68    50    27    15    45    23    18    41    47    27    41    59    36    42    39    95    20    66    78    30    48    
24    24    63    31    21    36    19    27    27    41    47    40    42    73    34    51    46    53    6    45    69    37    46    15    50    14    14    37    21    37    28    33    45    40    31    38    46    39    41    26    30    41    67    28    63    44    32    3    18    41    40    61    39    18    31    54    30    13    34    36    16    41    41    31    65    37    40    60    4    71    23    36    40    52    39    43    44    31    9    38    47    37    36    58    61    18    6    32    60    13    18    17    46    24    38    39    30    27    35    61    67    23    33    34    41    61    53    45    28    67    69    25    62    38    19    61    28    59    62    64    59    54    4    46    19    14    60    49    52    57    6    43    35    45    52    26    9    51    59    46    75    62    18    66    24    68    43    44    38    39    44    52    25    41    51    12    23    22    36    43    68    60    18    37    14    32    58    26    37    103    49    41    27    47    40    30    47    62    36    59    20    37    49    12    21    57    46    38    43    27    28    63    57    31    64    59    47    80    40    33    
46    32    65    29    21    37    24    49    7    25    48    23    47    70    55    48    45    49    31    30    68    39    42    17    35    22    36    33    19    22    50    55    46    45    45    23    47    53    62    47    39    31    52    35    47    29    21    28    40    37    45    50    14    39    25    42    17    35    59    11    17    40    40    38    62    40    27    45    26    60    45    30    21    57    46    40    44    21    31    23    61    37    58    46    46    27    28    39    65    38    7    19    45    12    32    24    52    36    29    49    67    25    30    9    26    68    49    53    50    68    57    34    47    13    6    58    35    59    47    49    44    53    26    31    13    36    57    63    52    48    31    37    36    67    47    25    24    39    61    68    60    47    40    63    40    75    51    41    22    40    65    66    22    62    40    34    17    11    57    65    56    62    29    46    36    28    52    48    37    88    38    26    12    37    25    23    69    66    46    43    41    50    48    21    23    59    38    20    48    49    17    67    53    31    53    58    22    65    29    41    
40    16    49    38    33    22    5    39    28    42    33    22    28    57    39    57    32    36    26    29    54    30    29    13    34    8    30    20    29    21    36    49    31    29    29    20    32    37    46    32    26    24    51    19    49    26    33    24    34    24    26    62    32    30    10    36    31    29    56    24    26    27    27    22    49    49    22    43    20    72    37    18    26    41    30    27    22    29    25    20    45    23    43    40    43    17    21    23    49    35    19    15    32    26    20    21    42    26    17    43    53    21    39    25    42    52    36    37    40    53    51    24    44    35    20    45    19    45    44    48    41    40    20    28    23    30    44    47    38    39    28    25    21    59    31    31    23    33    45    58    59    46    26    50    30    59    35    28    24    25    49    50    31    46    52    26    5    23    41    51    50    46    38    36    30    15    40    34    23    87    50    23    11    30    24    33    63    50    30    45    29    34    35    21    7    43    28    24    32    36    29    51    40    9    65    45    44    64    22    26    
38    2    49    43    38    22    9    30    35    49    33    31    31    59    31    62    32    38    28    40    59    36    31    22    45    12    28    22    34    32    38    47    30    25    16    29    32    28    38    23    30    32    61    13    60    35    43    25    32    26    26    72    40    34    22    43    41    27    56    35    31    26    27    12    51    54    30    51    18    82    37    26    37    37    18    29    36    34    23    29    35    23    35    46    52    21    24    13    49    35    29    20    32    36    28    30    33    30    25    50    53    26    44    36    49    45    38    23    31    53    58    28    53    43    30    47    9    45    53    58    50    40    18    36    32    28    46    38    38    47    28    33    21    50    42    36    27    39    45    49    70    56    28    52    34    53    31    30    35    25    41    40    36    34    62    22    15    33    33    45    57    46    40    40    28    17    45    21    23    97    60    32    23    38    35    39    61    48    19    56    29    25    35    25    7    43    36    35    28    24    39    49    42    23    75    45    52    74    29    30    
56    38    13    66    61    29    34    48    57    71    40    50    57    55    44    85    24    43    55    55    81    58    31    45    60    39    56    30    57    47    60    73    12    15    29    41    39    35    51    59    55    54    73    34    80    47    69    53    60    34    55    98    62    60    44    52    66    55    84    55    54    15    19    28    47    77    47    73    46    108    62    43    57    41    45    25    58    57    51    40    46    30    48    54    64    47    50    32    39    63    55    43    21    62    45    42    51    56    42    58    35    49    67    56    71    67    46    55    49    50    66    54    65    65    56    43    34    52    65    70    62    32    46    42    54    56    40    47    22    64    56    50    28    68    60    59    53    47    9    67    85    68    50    48    60    73    22    26    55    32    54    51    59    51    88    50    35    59    46    62    65    10    66    66    56    25    52    39    30    109    86    44    42    60    47    61    86    52    37    76    56    29    24    51    29    12    49    55    32    41    65    46    50    45    101    34    74    86    38    54    
35    16    51    33    28    24    5    37    27    41    35    28    28    61    40    52    34    40    21    33    55    30    33    8    38    3    25    24    24    25    31    44    33    31    29    25    34    39    47    30    18    29    55    21    53    31    32    19    29    28    26    61    36    25    19    41    30    24    51    28    21    29    29    24    53    44    27    48    16    71    32    23    30    43    32    31    32    24    20    25    47    25    44    45    48    9    16    25    51    30    18    10    34    25    25    26    40    21    22    48    55    16    34    29    41    54    40    37    38    55    56    19    49    38    19    49    21    47    49    52    46    42    15    33    20    25    48    49    40    44    23    30    23    56    38    26    18    38    47    56    63    50    21    54    25    61    37    32    28    27    50    52    26    44    51    21    10    22    42    46    55    48    33    31    25    19    45    31    25    91    49    28    15    35    28    28    58    52    32    49    24    36    37    15    9    45    33    28    34    32    28    53    44    19    64    47    47    68    27    16    
36    31    64    16    10    37    22    39    15    29    48    33    45    73    46    39    47    52    26    38    71    32    45    10    43    17    26    36    6    30    40    45    46    44    43    31    47    51    53    38    32    35    60    34    51    37    20    21    30    40    43    49    27    33    26    50    18    25    54    24    4    42    42    37    65    31    36    49    16    59    35    33    28    56    45    43    45    18    21    31    59    38    48    54    54    20    22    38    64    33    6    12    47    13    35    32    42    29    32    57    68    18    21    22    29    67    52    52    40    68    65    27    55    26    7    61    34    60    55    57    52    55    16    39    3    26    60    61    53    54    26    40    36    57    50    12    12    47    60    58    68    55    30    66    33    74    50    44    26    40    56    64    10    53    39    24    20    10    48    55    64    61    20    39    26    31    55    38    38    96    37    34    20    41    33    10    59    65    45    47    32    49    50    8    22    58    43    26    47    39    16    66    56    32    52    60    35    73    37    34    
44    21    54    38    30    26    13    44    24    38    37    12    36    59    44    57    34    38    32    24    57    27    31    14    29    14    34    22    28    16    42    53    35    34    34    17    36    42    51    40    34    13    46    24    44    23    30    30    38    26    34    59    21    36    7    36    28    33    62    19    26    29    29    27    51    49    16    32    24    69    43    19    21    46    35    29    33    29    29    17    50    26    48    40    40    23    27    28    54    41    16    16    34    23    21    18    47    32    18    43    56    22    39    20    38    57    38    42    45    57    51    30    41    31    17    47    24    48    41    43    38    42    24    25    21    34    46    52    41    40    34    26    25    64    36    32    29    33    50    63    54    41    32    52    36    64    40    30    19    29    54    55    31    51    49    32    6    20    46    57    50    51    38    42    34    17    41    39    26    82    47    20    6    19    19    32    67    55    35    40    35    39    37    23    12    48    29    19    37    41    26    56    42    20    62    47    40    59    23    32    
42    31    68    22    14    41    22    45    9    23    52    27    45    75    50    41    50    54    24    36    72    32    47    14    39    20    32    38    12    28    43    51    50    48    45    30    51    52    57    40    32    29    57    36    45    36    14    21    36    42    43    43    21    32    21    49    12    31    52    18    10    45    45    39    67    33    32    43    22    53    41    35    22    60    47    45    41    23    27    30    60    42    54    53    53    20    21    40    68    31    0    12    50    7    36    31    48    29    34    56    72    18    23    16    23    69    54    52    46    72    64    27    54    20    1    63    36    64    54    54    51    58    22    38    6    32    62    62    57    55    24    42    40    63    50    18    17    46    64    64    66    52    33    68    33    76    54    46    20    44    60    65    15    56    33    30    22    4    52    58    63    65    22    39    32    33    57    44    42    93    31    33    19    35    31    16    65    69    47    41    34    50    53    14    26    62    45    20    51    44    10    70    58    28    46    63    29    70    36    34    
55    29    49    50    45    22    24    52    33    47    33    25    47    53    51    69    28    32    44    22    66    40    25    29    27    28    50    14    41    14    51    67    30    35    40    8    32    45    58    50    43    34    39    30    53    14    48    41    54    20    45    77    41    48    24    20    42    49    72    28    38    23    23    33    45    61    16    51    40    87    53    28    30    47    41    23    42    41    43    6    54    21    55    20    31    34    39    34    52    51    34    27    28    39    30    9    55    44    27    31    50    33    51    29    47    63    32    50    53    53    39    42    32    40    33    41    30    43    32    36    29    36    40    9    38    49    40    55    36    33    44    35    21    72    45    43    41    22    45    71    52    34    41    46    48    70    41    24    28    25    61    59    43    58    67    41    15    38    53    66    38    46    50    54    49    11    42    46    21    75    65    11    15    40    14    45    81    56    41    44    47    40    31    36    20    44    19    28    38    48    44    57    36    29    80    41    49    52    2    41    
47    21    40    48    43    13    18    44    36    50    24    27    41    44    42    67    19    19    39    32    58    38    12    27    37    23    43    3    39    24    44    60    21    26    31    18    23    36    49    42    39    32    49    21    57    24    49    37    47    7    39    78    40    44    22    29    45    42    68    32    36    13    14    24    36    59    24    51    35    88    46    20    34    38    32    14    39    39    36    16    45    12    46    31    41    30    34    25    43    47    35    25    19    42    22    19    47    40    19    35    40    31    49    33    50    54    19    42    45    44    43    38    42    43    36    32    21    34    42    46    39    27    34    20    36    42    31    46    27    41    40    27    12    64    37    41    37    24    36    63    62    44    34    37    44    61    32    15    32    16    52    50    41    49    68    34    13    39    44    59    42    37    48    50    42    2    29    37    12    85    66    21    19    38    24    43    74    47    32    53    40    31    22    34    13    35    26    32    29    39    45    48    23    26    81    32    52    62    15    37    
55    29    36    56    51    21    25    52    44    58    32    35    48    32    50    75    17    20    46    37    66    46    8    35    42    30    50    13    47    29    51    67    16    25    37    23    31    43    57    50    46    40    54    29    64    29    57    44    54    19    46    86    48    51    30    37    53    49    75    39    44    8    12    31    24    67    31    59    42    96    53    28    41    44    40    2    47    47    43    21    52    20    54    39    46    38    41    33    42    54    43    33    8    50    30    24    55    47    27    43    35    39    57    40    58    62    31    50    53    52    51    45    47    51    44    20    29    42    47    51    44    24    41    22    44    49    19    53    22    48    47    35    20    72    45    49    44    32    32    71    67    49    41    25    51    69    35    3    39    24    60    57    49    57    76    41    21    47    52    66    50    33    56    57    49    10    41    45    20    90    74    26    26    46    29    51    81    53    40    59    47    37    15    42    20    32    34    39    35    47    53    48    35    34    89    30    60    67    23    45    
57    33    60    45    39    33    25    56    27    41    44    15    48    61    56    64    39    43    42    11    66    36    36    25    16    27    49    25    35    12    53    68    41    45    46    10    43    54    63    52    42    28    35    36    40    16    39    39    53    27    46    68    35    46    22    27    36    48    70    22    33    34    34    39    53    56    11    45    39    78    54    28    24    57    47    31    42    37    43    8    62    32    60    31    33    33    37    40    63    49    25    23    37    30    30    11    59    42    27    34    61    29    46    23    41    69    43    54    57    64    42    40    33    34    26    49    36    54    34    32    31    47    39    14    31    49    48    64    47    35    42    35    32    76    45    39    38    24    56    75    49    30    43    54    46    76    51    32    22    36    66    67    38    63    58    43    16    29    58    68    41    57    45    52    48    22    50    51    32    71    56    13    9    34    6    39    82    67    47    30    47    50    41    32    25    55    25    22    48    53    35    68    44    29    71    52    43    48    16    40    
41    20    53    35    29    26    11    43    24    38    37    17    34    60    43    54    35    39    29    27    58    18    32    10    32    11    31    23    26    19    39    50    35    33    33    20    36    41    50    38    32    26    49    23    47    26    29    27    35    27    32    58    22    33    6    38    27    30    59    22    23    30    30    26    52    46    21    44    21    68    40    20    24    45    34    30    34    23    26    20    49    27    47    42    43    20    24    27    53    38    15    12    35    22    22    21    46    29    19    45    57    17    36    23    38    56    39    41    44    57    53    27    44    31    16    48    23    49    44    46    41    43    21    28    18    31    47    51    42    41    31    27    25    62    37    28    25    35    49    62    57    44    29    53    33    63    39    31    22    29    53    54    28    50    48    29    7    19    45    54    52    50    35    39    31    18    42    38    27    85    46    23    9    32    22    30    64    54    34    43    32    38    38    18    11    47    30    22    36    40    25    55    43    21    61    48    43    62    24    30    
25    24    58    33    28    31    15    28    32    46    42    36    38    68    32    52    41    48    15    45    65    38    41    18    50    10    15    32    24    37    29    34    40    38    24    36    41    36    39    17    22    37    67    28    65    42    37    12    19    36    36    66    43    22    27    52    35    14    43    40    21    36    36    27    60    44    38    56    6    76    24    34    42    50    39    38    40    32    10    36    43    32    36    55    59    17    11    29    58    22    23    18    41    30    36    37    31    25    33    59    62    24    34    39    46    61    48    45    29    62    67    20    60    43    24    56    28    54    60    64    57    49    5    44    24    15    55    46    47    55    15    41    30    46    48    31    18    48    54    47    75    62    11    61    31    68    40    39    40    34    42    48    26    39    56    9    21    27    34    44    66    55    27    38    15    28    54    21    32    103    54    39    27    43    40    31    48    59    30    61    11    33    44    19    16    52    44    40    39    23    33    60    52    27    69    54    52    80    38    29    
36    22    56    26    22    29    12    39    21    35    40    27    35    65    45    46    39    44    23    32    62    20    37    2    37    8    26    28    18    24    36    45    38    36    36    25    39    44    52    35    26    29    54    26    52    31    26    20    30    32    33    55    26    27    18    43    24    25    51    27    15    34    34    29    57    38    29    48    16    65    35    25    29    48    37    35    37    14    21    25    52    30    48    47    48    14    19    30    56    30    12    0    39    19    27    26    42    23    24    50    60    6    28    28    35    59    44    43    40    60    58    21    49    28    13    53    26    52    49    51    46    47    16    33    13    26    52    54    45    46    23    32    28    57    42    16    15    40    52    58    62    49    26    58    27    66    42    36    27    32    55    57    20    49    45    24    12    16    47    51    57    53    27    33    26    23    47    37    30    90    43    28    14    35    27    22    59    57    37    48    29    41    42    9    14    50    35    27    39    37    22    58    48    24    58    52    41    67    29    23    
44    18    46    38    33    19    12    41    26    40    30    17    35    50    41    57    25    29    32    27    48    28    22    17    32    16    38    13    29    19    40    56    27    31    31    15    29    39    48    39    31    22    46    21    47    21    39    29    42    17    33    68    30    36    12    32    35    37    60    22    26    20    20    24    42    49    14    41    28    78    42    10    24    43    32    20    30    29    31    13    47    18    45    36    38    22    27    25    49    39    25    15    25    32    12    16    44    32    9    39    47    21    39    23    40    54    29    39    42    50    47    30    39    33    26    38    21    40    39    43    36    33    28    20    26    37    37    49    33    31    32    17    18    61    27    31    29    29    42    60    57    41    30    43    36    61    37    21    22    22    51    52    31    48    58    30    3    29    43    55    46    43    38    42    37    8    32    36    18    82    56    18    9    28    21    33    70    52    32    43    35    36    28    24    9    41    20    22    34    38    35    53    33    17    71    38    42    59    20    29    
34    31    65    14    9    38    22    37    17    31    49    35    45    74    44    33    48    53    24    40    72    33    46    11    45    17    24    37    5    32    38    43    47    45    41    33    48    49    51    36    31    37    62    35    53    39    22    17    28    41    43    51    29    31    27    52    20    23    49    26    2    43    43    38    66    25    38    51    14    61    33    34    30    57    46    44    46    24    19    33    57    39    46    56    56    19    20    39    65    31    8    13    48    14    36    34    40    28    33    59    69    19    15    24    31    68    53    52    38    69    67    26    57    28    9    62    35    61    57    59    54    56    14    41    5    24    61    59    54    55    24    41    37    55    51    12    9    49    61    56    70    57    28    67    32    75    51    45    28    41    54    62    7    51    41    22    21    12    46    53    66    62    14    38    24    32    56    36    39    98    39    36    22    43    35    15    57    66    46    49    30    47    51    7    23    59    44    28    48    37    18    67    57    33    54    61    37    75    38    35    
59    34    32    62    57    20    30    51    52    66    31    43    53    46    48    81    15    34    51    48    74    54    22    41    53    35    54    22    53    40    56    72    7    18    33    34    30    38    55    55    51    48    65    31    73    40    65    49    58    26    51    94    56    56    38    44    61    53    80    48    50    6    10    28    38    73    40    67    45    104    58    36    50    41    42    16    54    53    48    32    49    21    52    47    57    43    46    32    37    59    51    39    9    58    38    35    54    52    35    50    21    45    63    49    66    64    38    52    52    45    58    50    58    59    52    34    31    43    58    62    55    23    44    33    50    54    31    50    17    57    52    43    19    71    53    55    49    40    26    70    78    60    46    39    56    71    28    17    48    23    58    54    55    55    84    46    29    55    50    66    57    21    62    62    54    18    43    42    21    101    82    37    35    54    40    57    86    48    37    69    52    32    11    47    25    25    42    48    32    45    61    41    42    41    97    28    68    78    31    50    
56    32    58    44    38    31    24    55    26    40    42    14    47    59    55    63    37    41    41    10    65    35    34    24    15    26    48    23    34    2    52    67    39    44    45    8    41    53    62    51    41    27    34    35    46    14    40    38    52    25    45    69    34    45    21    25    35    47    69    21    32    32    32    38    51    55    8    44    38    79    53    27    23    56    46    29    41    36    42    6    61    30    59    29    31    32    36    39    61    48    26    22    35    30    29    9    58    41    26    32    59    28    45    22    40    68    41    53    56    62    40    39    32    33    26    47    35    52    32    31    29    45    38    13    31    48    46    63    45    32    41    34    30    75    44    38    37    22    54    74    40    29    42    52    45    75    50    30    21    34    65    66    37    62    59    42    15    30    57    67    39    55    44    51    47    20    49    50    30    70    57    11    8    33    5    38    81    65    46    35    46    49    39    31    23    53    23    21    47    52    36    66    42    28    72    50    42    47    14    39    
37    11    47    36    31    20    0    37    30    44    31    25    23    57    37    55    30    37    23    34    50    29    30    13    39    5    27    21    27    26    31    46    29    27    25    24    30    35    44    27    21    26    55    16    54    30    36    21    31    25    21    65    33    27    15    40    34    26    53    29    24    25    25    19    49    47    26    45    18    75    34    22    31    39    27    27    27    26    22    24    43    21    41    44    47    14    18    20    47    32    22    12    30    29    24    25    40    23    21    47    51    18    37    30    44    49    37    32    38    51    55    21    48    37    23    45    16    43    48    52    45    38    17    32    25    27    44    45    36    43    25    29    19    57    33    28    20    37    43    56    64    50    21    50    27    56    33    28    29    23    47    48    29    43    55    21    9    26    39    46    54    44    36    33    27    16    43    29    21    91    53    27    16    32    29    32    60    48    27    50    26    31    33    18    5    41    32    29    30    32    32    49    41    14    68    43    46    68    26    21    
55    30    53    46    40    26    23    53    28    42    37    18    46    54    53    65    32    36    43    17    62    37    29    26    22    27    49    18    36    9    51    67    34    39    43    1    36    49    60    50    42    29    34    33    48    7    43    40    53    20    44    72    36    47    23    20    37    48    71    23    34    27    27    36    46    57    9    46    39    82    53    24    25    51    44    24    41    38    42    1    58    25    57    24    24    33    38    37    56    50    29    24    30    34    26    2    56    43    23    27    54    30    47    24    42    66    36    51    54    57    35    41    25    35    28    42    33    47    25    31    22    40    39    9    33    48    41    59    40    26    43    31    25    73    41    40    39    17    49    72    47    29    41    47    47    73    45    25    23    29    63    63    39    60    62    41    14    33    55    66    34    50    46    53    48    15    46    48    25    70    60    4    10    35    7    40    81    60    44    39    46    44    34    33    21    48    16    23    42    50    39    61    37    28    75    45    44    47    9    40    
49    29    29    57    52    22    25    41    48    62    33    42    48    50    38    76    19    38    46    47    73    49    26    36    52    30    47    22    48    39    51    66    4    7    23    33    32    27    45    50    46    45    66    25    71    39    60    44    51    26    46    89    53    51    35    44    57    46    75    46    45    10    14    18    42    68    39    64    38    99    53    35    48    33    36    20    49    48    42    33    38    25    42    46    56    38    41    24    31    54    46    34    16    53    37    34    44    47    34    50    32    40    58    47    62    58    38    46    42    34    58    45    57    56    47    38    25    45    57    63    54    27    37    37    45    47    35    39    14    56    47    42    21    61    52    50    44    39    25    60    77    61    41    43    51    65    17    21    46    25    48    43    50    45    79    41    26    50    40    56    57    26    57    57    47    17    47    32    25    102    77    36    34    51    39    52    79    37    28    67    47    21    19    42    20    16    41    46    22    35    56    30    42    36    92    26    65    79    30    45    
23    23    62    31    26    37    20    26    33    47    48    39    43    74    31    50    47    54    13    50    70    39    47    21    55    17    10    38    22    42    27    32    44    39    25    41    47    37    38    25    29    40    72    27    64    47    39    10    16    42    41    68    43    20    30    57    37    10    41    39    19    42    42    30    66    42    43    59    4    78    21    39    41    51    38    44    45    33    2    41    44    38    35    61    64    17    9    31    59    20    25    19    47    31    41    42    29    26    38    64    68    25    32    38    47    60    54    44    27    68    72    24    65    42    26    62    27    60    65    69    62    55    3    49    22    13    61    47    52    60    13    46    36    44    53    29    16    54    58    45    80    67    17    67    29    67    41    45    39    40    41    49    24    38    58    7    26    29    33    42    71    59    25    36    8    33    60    20    38    108    56    44    32    46    45    29    46    61    33    60    19    34    50    19    22    56    49    39    40    21    35    62    58    32    71    60    51    85    43    34    
30    22    44    56    51    33    28    22    51    65    44    47    51    69    16    75    38    49    38    56    78    52    42    39    61    31    35    33    47    48    37    48    27    16    4    44    43    8    26    36    49    48    77    18    76    50    59    35    39    37    46    88    56    45    38    55    57    34    66    51    44    29    33    13    61    67    46    67    28    98    38    42    53    31    29    39    52    51    29    44    15    37    23    57    67    38    34    14    35    45    45    37    35    52    44    45    25    47    41    61    55    43    57    52    65    45    49    39    23    57    69    45    68    59    46    57    18    56    68    74    65    46    28    48    47    32    54    20    37    63    38    49    32    42    59    53    41    50    40    41    86    72    27    62    51    42    12    40    51    36    29    20    49    26    78    27    31    49    21    37    68    41    50    57    37    28    59    13    37    113    76    47    39    54    50    54    60    47    8    72    34    5    38    42    23    39    52    51    11    16    55    48    53    39    91    49    68    90    41    48    
58    32    32    60    55    18    28    53    49    63    29    40    51    41    49    79    13    30    49    44    71    51    18    39    49    33    53    20    51    36    54    70    10    21    34    30    28    39    56    53    49    45    61    29    70    36    62    47    57    24    49    91    53    54    35    42    58    52    78    45    48    4    8    27    34    71    37    64    44    101    56    33    47    40    40    12    52    51    46    28    48    19    53    44    53    41    44    31    38    57    48    37    2    55    35    31    56    50    32    48    31    43    61    46    63    62    36    50    54    48    56    48    54    56    49    30    29    41    54    58    51    21    44    29    48    52    25    49    18    54    50    40    17    73    50    53    47    37    28    72    74    56    44    34    54    69    31    13    45    21    59    53    53    56    81    44    26    52    51    67    55    29    60    60    52    15    41    44    19    97    79    33    32    51    36    55    84    49    36    66    50    33    5    45    23    28    39    45    31    46    58    44    40    39    94    26    65    74    28    48    
49    35    36    63    58    30    31    41    54    68    41    50    54    58    37    82    27    46    50    55    81    55    34    42    60    36    50    30    54    47    55    66    14    8    22    41    40    22    44    54    52    51    74    27    78    47    66    47    54    34    52    95    59    57    41    52    63    49    78    53    51    18    22    21    50    74    47    70    41    105    56    43    55    34    38    28    55    54    45    41    39    33    41    54    64    44    46    25    16    57    52    40    24    59    45    42    44    53    42    58    42    46    64    54    68    60    46    48    42    49    66    51    65    62    53    46    27    53    65    71    62    35    40    44    51    50    43    38    24    64    50    50    29    61    60    56    50    47    31    60    85    69    45    51    57    66    12    29    53    33    47    44    56    44    85    45    33    56    39    55    65    30    62    63    50    25    55    32    33    110    83    44    41    57    47    58    79    45    28    74    52    19    27    48    26    16    49    53    22    34    62    45    50    42    98    36    71    87    38    51    
40    20    35    52    47    28    20    32    43    57    39    39    43    57    29    71    26    38    39    47    70    44    31    31    52    25    39    22    43    39    43    58    15    7    14    33    38    19    36    41    41    40    66    13    67    39    55    36    43    26    41    84    48    46    30    44    52    38    67    42    40    17    21    6    49    63    38    59    30    94    47    34    44    19    24    27    44    43    34    33    32    27    33    46    56    33    35    10    31    46    41    29    23    48    36    34    35    42    33    50    43    35    53    43    57    46    38    34    33    46    58    40    57    51    42    45    13    49    57    63    54    34    29    37    40    39    42    33    25    55    39    41    22    52    51    45    39    39    31    51    77    61    33    50    46    53    13    28    42    31    39    37    45    36    74    33    22    45    31    47    57    32    51    52    39    17    48    23    27    102    72    36    31    46    39    47    70    33    15    63    40    12    26    37    15    30    41    42    10    26    51    33    42    31    87    37    60    79    30    40    
59    33    52    55    49    25    29    56    37    51    36    27    52    56    54    74    31    35    49    24    69    45    28    34    29    33    54    18    45    16    55    71    33    38    43    10    35    48    61    54    48    38    41    33    56    16    52    46    58    23    50    81    45    53    29    13    46    53    77    31    43    26    26    36    46    66    18    54    45    91    57    31    33    50    44    26    47    46    47    8    57    24    58    15    33    39    44    37    55    56    38    32    31    43    33    11    59    49    30    23    53    38    56    32    51    66    35    54    57    56    31    47    34    44    37    44    33    46    34    38    31    39    45    7    42    53    43    58    39    35    49    38    24    76    48    48    46    8    48    75    54    36    45    44    53    73    44    27    31    28    64    62    48    61    71    45    20    42    56    70    33    49    55    59    53    14    45    49    24    76    69    13    19    44    16    49    85    59    44    46    51    43    34    41    24    47    25    31    41    51    48    60    39    34    84    44    53    54    16    46    
30    19    56    26    24    29    10    33    25    39    40    31    33    66    40    48    39    46    20    38    60    30    39    8    43    5    20    30    20    30    33    39    38    36    30    31    39    42    47    27    16    32    60    25    58    37    30    15    24    34    31    59    36    17    22    47    28    19    48    33    17    34    34    28    58    40    33    51    10    69    29    29    35    48    35    36    35    24    15    31    49    30    42    51    54    4    16    29    56    27    16    10    39    23    31    32    36    13    28    54    60    16    30    32    39    58    46    40    34    60    62    11    55    36    17    54    25    52    55    57    52    47    10    39    17    20    53    52    45    50    20    36    28    51    43    19    10    44    52    52    68    55    23    59    17    65    42    37    33    32    50    54    22    46    49    18    16    20    42    48    61    53    29    23    20    25    51    29    30    96    47    34    20    38    33    26    53    57    36    54    25    39    42    8    14    50    39    33    39    32    26    58    50    22    62    52    45    73    33    24    
37    13    45    47    42    25    14    29    38    52    36    34    37    59    27    66    32    38    32    43    64    39    31    26    48    18    32    22    38    35    39    51    24    17    12    32    35    24    34    34    35    35    64    2    63    38    48    29    36    26    35    77    43    39    25    44    46    31    60    38    35    23    27    5    51    58    33    54    23    87    41    29    40    30    13    29    39    38    27    32    31    26    31    46    55    27    28    6    41    39    34    24    29    41    31    33    32    36    28    50    50    30    48    39    52    35    38    23    30    53    58    34    56    46    35    47    2    48    56    61    53    40    22    37    35    32    46    34    34    50    32    36    24    49    46    40    33    39    41    48    73    59    29    52    40    42    22    30    38    28    37    36    40    31    67    26    18    38    29    44    57    42    44    46    32    17    48    20    26    100    65    35    26    41    38    42    65    41    13    59    36    17    32    31    10    39    39    38    19    23    44    42    42    26    80    45    55    77    30    35    
28    25    58    37    32    31    16    25    37    51    42    39    39    68    27    56    41    48    19    47    66    41    41    23    52    13    19    32    28    39    15    38    40    35    18    37    41    30    34    14    29    40    68    26    67    43    42    16    23    36    37    71    46    26    30    52    40    18    47    42    25    36    36    22    60    48    39    59    9    81    20    35    44    47    37    38    43    35    12    37    37    32    31    55    60    22    15    22    56    26    28    21    41    35    37    38    28    31    34    59    62    27    38    43    51    53    48    46    26    62    67    29    61    48    29    56    22    54    61    65    58    49    9    45    28    18    55    40    47    56    19    42    30    45    49    35    22    48    54    44    77    63    5    61    35    64    34    39    42    34    37    42    30    28    61    5    22    32    29    30    66    55    31    41    19    27    54    16    32    104    59    40    29    46    42    35    51    58    23    63    12    27    44    25    16    52    45    42    33    16    38    59    52    30    74    54    57    81    38    32    
28    28    67    36    31    42    25    27    38    52    53    44    48    79    29    55    52    59    18    56    75    44    52    26    61    23    9    43    27    48    31    27    49    44    26    47    52    38    36    30    34    45    78    32    69    53    44    15    16    47    46    73    48    25    35    63    42    11    46    44    24    47    47    35    71    47    48    64    8    83    26    45    46    56    43    49    50    38    10    47    45    43    33    66    70    22    14    36    64    25    30    24    52    36    47    48    30    31    44    70    73    30    37    43    52    64    59    49    28    73    78    29    71    47    31    67    32    65    71    75    68    60    8    55    27    2    66    48    57    66    18    52    41    47    58    34    21    59    63    46    86    73    21    72    34    69    42    50    44    45    39    47    29    36    63    11    32    34    31    46    77    64    30    41    18    38    65    18    43    114    61    50    38    51    51    34    36    66    33    65    24    35    55    24    27    61    55    44    41    19    40    67    63    37    76    65    56    91    49    39    
52    26    45    48    43    18    22    49    33    47    29    27    45    49    47    67    24    28    42    25    63    38    21    27    30    26    47    8    39    17    48    64    26    31    36    11    28    41    54    47    41    32    42    26    53    17    48    39    51    10    43    77    40    46    22    28    42    46    70    28    36    19    19    29    39    59    18    51    38    87    50    25    30    43    37    19    40    39    40    9    50    17    51    26    34    32    37    30    48    49    34    25    24    39    27    12    52    42    22    35    46    31    49    29    47    59    28    47    50    49    43    40    35    40    33    37    26    39    35    39    32    32    38    13    36    46    36    51    32    36    42    32    17    69    42    41    39    25    41    68    55    37    38    42    46    66    37    20    28    21    57    55    41    54    67    38    13    38    49    63    42    42    48    52    46    7    38    42    17    78    65    14    15    38    17    43    78    52    37    47    44    36    27    34    17    40    17    28    34    44    44    53    27    27    80    37    49    55    17    39    
59    33    53    54    48    26    28    56    36    50    37    26    51    57    55    73    32    36    48    23    68    44    29    33    28    32    54    18    44    15    55    71    34    39    44    9    36    49    62    54    47    37    40    34    55    15    51    45    58    24    49    80    44    52    28    12    45    53    76    30    42    27    27    37    49    65    17    53    44    90    57    30    32    51    45    27    46    45    47    7    58    25    59    18    32    38    43    38    56    55    37    31    32    42    32    10    59    48    29    22    54    37    55    31    50    67    36    54    57    57    28    46    32    43    36    45    34    47    33    37    30    40    44    6    41    53    44    59    40    34    48    37    25    76    47    47    45    11    49    75    53    35    45    47    52    74    45    28    30    29    65    63    47    62    70    45    19    41    57    70    31    50    54    58    53    15    46    50    25    71    68    12    18    43    15    48    85    60    45    45    51    44    35    40    24    48    24    30    42    52    47    61    40    33    83    45    52    53    15    45    
57    34    60    45    39    33    25    56    27    41    44    16    48    60    57    64    38    42    42    13    66    36    35    25    18    27    49    24    35    11    53    68    41    46    47    9    43    55    64    52    42    28    34    37    43    15    40    39    53    26    46    69    35    46    22    26    36    48    70    22    33    33    33    40    52    56    11    45    39    79    54    28    24    58    48    30    42    37    43    7    63    32    61    30    32    33    37    41    63    49    26    23    36    30    30    10    59    42    27    33    60    29    46    23    41    70    42    55    57    64    41    40    32    34    27    48    37    54    33    31    30    46    39    13    32    49    47    65    47    34    42    35    32    76    45    39    38    23    56    75    50    29    43    53    46    77    52    31    22    36    67    68    38    64    59    43    17    30    59    68    40    57    45    52    48    22    50    52    32    70    57    12    9    34    5    39    82    67    48    33    47    51    40    32    25    55    24    22    49    54    36    68    43    29    72    51    43    47    15    40    
46    20    38    48    43    13    16    43    38    52    23    30    39    47    43    67    19    26    37    35    60    40    16    27    40    21    41    10    39    27    42    58    16    22    28    21    23    39    50    41    37    34    54    23    60    27    51    35    45    14    37    80    42    42    24    32    47    40    66    35    36    10    14    21    39    59    27    53    33    90    44    23    37    41    34    17    40    39    34    21    47    5    47    34    44    29    32    27    44    45    37    25    16    44    25    22    46    38    22    38    37    31    49    36    52    56    26    41    44    44    46    36    45    45    38    35    23    27    45    51    42    27    32    25    36    40    34    49    24    44    38    30    6    63    40    41    35    27    34    62    65    49    32    40    42    63    33    18    35    10    53    52    41    50    70    32    15    41    45    57    45    35    48    48    40    5    27    37    5    90    68    24    22    40    27    43    72    50    34    56    38    33    19    33    11    34    29    35    32    40    47    50    30    27    83    32    54    67    18    36    
50    31    62    36    28    34    23    53    17    36    45    13    46    65    54    55    41    45    38    25    64    34    38    21    25    24    40    29    26    17    51    59    43    43    44    18    44    52    61    50    40    26    47    34    31    24    28    35    44    32    44    57    20    44    20    36    26    39    66    6    24    36    36    37    57    47    18    29    30    67    49    26    8    55    45    35    40    35    35    17    60    34    58    40    41    31    35    38    63    45    14    21    41    18    28    19    56    40    25    43    63    27    37    7    36    67    45    52    54    65    51    38    42    29    14    53    34    56    42    44    39    49    30    25    20    40    52    62    49    43    38    33    33    71    43    32    31    33    58    72    55    42    41    58    44    74    49    36    6    37    64    65    29    61    47    38    14    18    56    66    50    59    36    50    40    24    48    49    34    83    45    21    7    32    20    30    73    65    45    27    45    48    44    28    22    56    33    6    46    51    24    66    49    27    60    54    38    60    24    38    
20    25    49    50    45    36    29    12    51    65    47    48    52    74    8    69    45    53    32    57    79    53    46    39    62    29    28    37    41    49    34    38    34    27    7    46    46    19    15    33    46    49    78    21    77    52    56    29    32    41    49    85    57    39    39    59    54    27    60    52    38    37    40    19    66    61    47    68    23    95    32    43    54    40    32    44    53    51    22    46    26    40    12    61    69    36    28    19    45    39    42    37    43    49    45    47    15    45    42    65    61    43    51    53    65    43    53    42    13    62    73    43    70    60    43    62    21    59    70    75    67    53    22    52    41    23    61    29    44    64    32    50    35    32    60    48    35    54    45    31    87    73    24    67    48    48    23    45    52    39    18    26    43    15    75    21    32    46    10    26    72    46    44    55    31    32    62    3    40    114    73    49    40    55    52    48    50    50    12    73    31    16    46    38    24    45    53    52    22    5    52    51    57    40    88    56    69    91    45    48    
24    24    61    32    25    34    16    27    28    42    45    37    39    71    34    51    44    51    7    44    66    37    44    15    49    11    14    35    23    36    28    33    43    40    30    37    44    39    41    26    28    38    66    28    64    43    33    5    18    39    37    62    40    13    28    53    31    13    42    37    20    39    39    31    63    43    39    57    4    72    23    35    41    52    39    41    41    31    9    37    47    35    36    57    60    17    2    32    60    16    19    17    44    26    37    38    30    27    34    60    65    23    33    35    42    61    51    45    28    65    68    22    61    39    20    59    28    57    61    63    58    52    4    45    21    14    58    49    50    56    9    42    33    45    49    29    11    50    57    46    74    61    18    64    22    68    43    42    39    37    44    52    25    41    52    12    22    23    36    43    67    58    25    37    14    30    57    26    35    102    50    40    26    44    39    30    47    62    36    60    20    37    47    13    19    55    45    39    43    27    29    63    55    28    65    57    48    79    39    30    
61    35    54    57    51    27    31    58    39    53    38    29    54    58    56    76    33    37    51    26    71    47    30    36    31    35    56    20    47    18    57    73    35    40    45    12    37    50    63    56    50    40    43    35    58    18    54    48    60    25    52    83    47    55    31    13    48    55    79    33    45    27    28    38    46    68    20    56    47    93    59    33    35    52    46    28    49    48    49    10    59    26    60    20    35    41    46    39    57    58    40    34    33    45    35    13    61    51    32    20    54    40    58    34    53    68    37    56    59    58    29    49    36    46    39    46    35    48    36    40    33    41    47    7    44    55    45    60    41    37    51    40    26    78    50    50    48    8    50    77    56    38    47    42    55    75    46    29    33    30    66    64    50    63    73    47    22    44    58    72    29    51    57    61    55    16    47    51    26    77    71    15    21    46    18    51    87    61    46    48    53    45    36    43    26    49    27    33    43    53    50    62    41    36    86    46    55    56    18    48    
57    31    36    58    53    22    27    54    46    60    33    37    50    33    52    77    17    28    48    39    68    48    14    37    44    32    52    16    49    31    53    69    16    25    38    25    32    43    59    52    48    42    56    31    66    31    59    46    56    21    48    88    50    53    32    39    55    51    77    41    46    8    12    31    29    69    33    61    44    98    55    30    43    44    42    9    49    49    45    23    52    22    56    41    48    40    43    35    42    56    45    35    6    52    32    26    57    49    29    45    35    41    59    42    60    64    33    52    55    52    53    47    49    53    46    28    31    44    49    53    46    25    43    23    46    51    17    53    22    50    49    37    21    74    47    51    46    34    32    73    69    51    43    26    53    71    35    5    41    25    62    57    51    59    78    43    23    49    54    68    52    33    58    59    51    12    43    47    22    92    76    28    28    48    31    53    83    53    40    61    49    37    13    44    22    32    36    41    35    49    55    48    37    36    91    30    62    69    25    47    
4    36    65    44    39    46    33    19    46    60    57    52    56    83    24    63    56    62    26    62    83    52    55    34    67    31    26    46    35    54    39    33    49    42    23    52    56    33    31    38    42    53    83    35    77    58    52    23    30    50    54    81    56    33    43    67    50    25    54    52    32    51    51    35    75    55    54    72    17    91    34    50    54    55    46    53    58    46    21    52    41    47    28    70    75    30    22    35    59    33    38    32    56    44    52    53    25    39    49    74    76    38    45    51    60    59    62    56    15    77    82    37    76    55    39    71    35    69    76    80    73    64    16    60    35    26    70    43    59    71    26    57    45    26    66    42    29    63    61    37    92    78    29    76    42    64    37    54    52    49    34    42    37    31    71    19    37    42    26    42    81    62    38    49    26    41    69    13    47    119    69    55    44    59    57    42    34    66    28    73    32    31    59    32    31    61    60    52    37    14    48    67    66    45    84    69    64    96    53    47    
53    27    30    55    50    16    23    50    44    58    27    35    46    42    46    74    7    29    44    40    66    46    15    34    45    28    48    15    46    32    49    65    10    19    31    26    26    37    53    48    44    40    57    27    65    32    57    42    52    19    44    86    48    49    30    37    53    47    73    40    43    2    2    25    34    66    32    59    40    96    51    28    42    38    38    12    47    46    41    24    46    17    50    39    49    36    39    29    36    52    43    32    7    50    30    27    53    45    27    43    29    38    56    41    58    60    31    48    51    46    51    43    50    51    44    30    27    39    50    54    47    15    39    27    43    47    27    47    16    49    45    35    15    70    45    48    42    32    26    69    70    52    39    35    49    67    29    12    40    19    56    51    48    53    76    39    21    47    48    64    50    27    55    55    47    10    39    41    17    93    74    29    27    46    32    50    79    47    34    61    45    31    11    40    18    26    34    40    29    43    53    42    35    34    89    20    60    70    23    43    
58    34    59    46    40    32    26    57    28    42    43    17    49    59    57    65    37    41    43    15    67    37    34    26    20    28    50    23    36    9    54    69    40    45    47    8    42    55    64    53    43    29    33    37    48    14    41    40    54    25    47    70    36    47    23    25    37    49    71    23    34    32    32    40    51    57    11    46    40    80    55    29    25    57    48    29    43    38    44    6    63    31    61    29    31    34    38    41    62    50    27    24    35    31    31    9    60    43    28    32    59    30    47    24    42    70    41    55    58    63    40    41    31    35    28    47    37    53    32    30    29    45    40    12    33    50    46    65    46    33    43    36    31    77    46    40    39    22    55    76    49    28    44    52    47    77    51    30    23    35    67    68    39    64    60    44    17    31    59    69    39    56    46    53    49    21    51    52    31    69    58    11    10    35    4    40    83    66    48    39    48    50    39    33    25    54    23    23    48    54    37    67    42    30    73    50    44    46    14    41    
62    36    55    57    51    28    31    59    39    53    39    29    54    59    57    76    34    38    51    26    71    47    31    36    31    35    57    22    47    18    58    74    36    41    46    12    38    51    64    57    50    40    43    36    58    18    54    48    61    26    52    83    47    55    31    10    48    56    79    33    45    28    29    39    51    68    20    56    47    93    60    33    35    53    47    29    49    48    50    10    60    27    61    24    35    41    46    40    58    58    40    34    34    45    35    13    62    51    32    16    55    40    58    34    53    69    38    57    60    59    24    49    36    46    39    47    36    49    36    40    33    42    47    6    44    56    46    61    42    37    51    40    27    79    50    50    48    12    51    78    56    38    48    47    55    76    47    30    33    31    67    65    50    64    73    48    22    44    59    73    23    52    57    61    56    17    48    52    27    70    71    15    21    46    18    51    88    62    47    48    54    46    37    43    27    50    27    33    44    54    50    63    42    36    86    47    55    56    17    48    
9    35    64    45    40    46    34    16    47    61    57    53    57    83    23    64    56    62    27    63    84    53    55    35    68    32    27    46    36    55    40    39    48    41    22    53    56    32    30    39    43    54    84    34    78    59    53    24    31    50    55    82    57    34    44    67    51    26    55    53    33    51    51    34    75    56    54    73    18    92    35    50    55    54    45    53    59    47    22    53    40    47    27    70    76    31    23    34    58    34    39    33    56    45    52    54    23    40    49    74    75    39    46    52    61    58    62    55    12    77    82    38    77    56    40    71    34    69    77    81    74    64    17    60    36    27    70    42    58    71    27    57    45    24    67    43    30    63    60    35    93    79    30    76    43    63    36    54    53    49    33    41    38    30    72    20    38    43    25    41    81    61    39    50    27    41    69    12    47    120    70    56    45    60    58    43    38    65    27    74    33    30    59    33    31    60    60    53    36    13    49    66    66    46    85    69    65    97    53    48    
41    21    36    51    46    27    19    33    42    56    38    38    42    56    29    70    25    37    39    46    69    43    30    30    51    24    39    21    42    38    44    58    15    8    14    32    37    21    36    42    40    39    65    14    67    38    54    36    43    25    40    83    47    45    29    43    51    38    67    42    39    16    20    7    48    62    37    58    30    93    47    33    44    22    25    26    43    42    34    32    33    26    33    45    55    32    35    11    32    46    40    28    22    47    35    33    36    41    32    49    43    34    52    43    56    47    37    35    34    41    57    39    56    50    41    44    14    48    56    62    53    33    29    36    39    39    41    34    25    54    39    40    20    53    50    44    38    38    32    52    76    60    34    49    45    54    15    27    42    30    39    38    44    36    73    34    22    44    31    47    56    33    51    51    39    16    47    24    26    101    71    35    30    45    38    46    71    29    16    63    41    13    25    36    14    31    40    42    12    26    50    30    41    30    86    37    59    78    29    39    
26    26    65    34    29    41    23    29    36    50    52    42    46    78    32    53    51    58    16    54    73    42    51    24    59    21    4    42    25    46    30    35    47    42    27    46    51    39    39    28    32    43    76    30    67    52    42    13    8    46    44    71    46    23    33    62    40    3    44    42    22    46    46    33    70    45    46    62    6    81    25    44    44    54    41    48    48    36    7    46    46    42    36    65    69    20    12    34    62    23    28    22    51    34    45    47    32    29    43    69    71    28    35    41    50    63    58    47    30    72    77    27    70    45    29    66    30    64    70    73    67    59    6    54    25    10    65    49    55    65    16    51    40    47    56    32    19    58    61    48    84    71    20    71    32    70    43    49    42    44    42    50    27    39    61    12    31    32    34    45    76    62    28    39    11    37    64    21    42    112    59    49    36    49    49    32    48    64    36    63    22    36    54    22    26    59    54    42    42    22    38    65    62    35    74    64    54    89    48    37    
