60    200
0    240
0    720
0    720
0    320
0    80
0    640
0    720
0    80
0    320
0    480
0    560
0    240
0    80
0    80
0    480
0    160
0    560
0    240
0    640
0    640
0    160
0    560
0    240
0    560
0    320
0    320
0    400
0    320
0    720
0    560
0    320
0    720
0    80
0    560
0    320
0    320
0    400
0    80
0    240
0    240
0    320
0    400
0    720
0    160
0    160
0    400
0    560
0    560
0    160
0    240
0    560
0    320
0    720
0    80
0    80
0    640
0    80
0    640
0    720
0    320
0    0    0    0    0    0    0    0    0    0    0    0    0    0    0    0    0    0    0    0    0    0    0    0    0    0    0    0    0    0    0    0    0    0    0    0    0    0    0    0    0    0    0    0    0    0    0    0    0    0    0    0    0    0    0    0    0    0    0    0    0    0    0    0    0    0    0    0    0    0    0    0    0    0    0    0    0    0    0    0    0    0    0    0    0    0    0    0    0    0    0    0    0    0    0    0    0    0    0    0    0    0    0    0    0    0    0    0    0    0    0    0    0    0    0    0    0    0    0    0    0    0    0    0    0    0    0    0    0    0    0    0    0    0    0    0    0    0    0    0    0    0    0    0    0    0    0    0    0    0    0    0    0    0    0    0    0    0    0    0    0    0    0    0    0    0    0    0    0    0    0    0    0    0    0    0    0    0    0    0    0    0    0    0    0    0    0    0    0    0    0    0    0    0    0    0    0    0    0    0    
112    144    144    72    72    144    128    144    56    144    144    144    96    144    48    64    144    144    144    96    128    144    96    144    144    144    96    144    56    144    144    72    112    48    56    56    144    144    128    128    56    144    64    152    64    144    144    144    144    56    56    144    144    144    56    56    144    144    144    144    144    144    96    112    144    144    144    144    144    72    144    48    144    56    144    152    128    56    48    64    72    152    128    144    144    144    96    144    56    96    144    152    56    144    144    56    64    152    64    144    56    144    56    144    144    96    144    144    144    152    96    128    96    48    144    96    144    144    56    144    144    72    48    144    144    144    56    144    64    72    144    144    56    112    144    64    96    144    72    56    48    152    72    56    56    144    144    144    144    144    144    144    144    64    144    144    144    64    144    144    64    144    72    144    72    144    144    144    96    144    128    112    56    128    144    144    144    48    64    144    144    56    144    144    144    144    144    144    56    48    144    144    56    144    144    48    48    144    144    112    
144    144    112    112    128    96    72    144    144    64    144    72    144    72    144    144    64    48    144    56    144    144    56    56    112    128    144    144    152    64    64    144    144    64    144    144    48    144    56    144    144    72    144    72    144    144    144    144    144    144    96    144    144    128    144    72    48    144    128    72    144    144    56    64    144    56    72    144    144    48    128    48    72    144    64    144    64    128    64    144    144    72    144    72    64    48    72    64    144    48    144    64    128    56    144    72    64    144    72    144    144    96    144    144    72    144    56    144    48    152    128    48    144    64    144    144    144    72    48    144    72    144    144    144    64    144    144    56    72    128    144    64    64    144    64    128    144    144    56    144    144    144    56    144    64    144    64    72    144    144    72    144    48    112    144    64    144    112    56    72    144    144    56    144    144    144    64    144    72    144    144    144    144    72    144    64    144    144    56    144    144    144    56    144    144    64    96    72    144    144    144    144    144    144    128    72    128    112    48    144    
56    112    144    128    112    56    112    56    144    144    56    144    144    144    144    128    72    144    144    96    144    128    56    56    144    144    144    144    152    96    144    48    144    144    144    144    72    144    72    144    144    144    144    144    144    144    144    64    144    72    48    144    144    144    144    144    128    48    144    144    72    96    144    144    144    48    144    96    144    64    144    144    144    144    144    144    72    144    64    96    144    48    56    144    144    144    64    48    96    56    112    72    144    144    64    56    56    144    144    144    144    48    72    56    144    64    144    64    56    152    64    56    144    96    144    144    128    144    144    144    144    56    144    48    64    72    144    144    64    144    144    72    96    64    144    144    56    144    144    48    64    64    144    144    64    152    144    144    144    144    144    144    144    144    144    48    56    56    152    144    96    64    144    56    144    144    144    144    96    112    56    144    144    72    144    144    64    144    144    128    56    144    144    144    152    56    56    144    144    144    144    144    56    144    72    72    112    144    48    72    
48    72    72    144    48    144    112    48    144    96    96    72    144    48    144    144    144    144    144    144    144    96    144    56    144    48    144    48    72    64    56    112    48    96    56    144    144    144    144    144    56    144    144    144    144    144    144    144    112    144    144    144    128    144    72    144    72    144    144    128    144    112    144    144    56    144    64    112    64    144    64    64    144    144    72    144    144    144    144    144    64    56    48    72    72    144    144    144    72    144    72    144    144    112    144    144    48    144    72    48    144    72    144    144    144    144    56    48    144    152    144    144    48    144    96    144    144    144    72    144    48    144    96    144    48    64    144    144    144    72    144    144    96    72    144    48    144    48    144    56    144    48    144    144    144    144    144    48    72    64    48    144    56    64    64    144    144    64    48    96    128    112    64    144    48    144    144    112    56    144    144    144    64    56    64    144    144    144    72    144    48    48    56    144    128    48    144    144    144    72    144    64    144    128    96    144    144    72    72    144    
112    64    144    144    64    144    56    96    144    56    144    48    64    144    144    144    48    144    144    144    144    144    72    144    144    48    144    144    144    144    144    144    144    144    112    48    128    48    144    128    56    144    144    144    144    144    64    48    128    128    144    144    72    64    144    112    112    144    144    64    144    144    64    144    144    144    144    56    72    144    144    144    144    144    144    144    144    56    144    48    112    144    72    144    72    48    64    144    144    48    144    144    72    144    144    144    144    144    144    128    48    96    64    144    48    48    48    72    128    152    144    144    144    144    144    72    144    144    128    64    144    72    144    144    144    128    64    144    144    128    144    48    144    144    112    144    144    64    144    72    144    144    144    144    144    64    64    144    56    72    144    64    144    144    144    56    144    144    144    144    56    56    64    144    144    144    48    144    144    144    144    144    144    64    96    64    144    64    64    128    72    144    144    64    48    56    144    112    56    48    144    144    144    144    56    64    144    48    144    64    
144    152    64    144    144    144    144    152    144    144    144    64    56    144    144    152    144    48    144    144    48    128    112    144    48    144    56    56    96    72    144    128    144    144    72    144    144    112    144    144    144    144    144    144    72    128    72    144    128    144    56    48    144    56    144    48    144    144    64    64    144    64    144    144    144    144    144    96    144    64    144    144    144    144    144    128    144    144    144    128    144    72    144    144    144    112    48    144    56    48    144    72    144    144    144    152    96    56    144    72    144    144    144    144    144    72    96    144    144    56    144    112    144    144    144    72    96    48    56    144    112    144    144    64    144    48    96    72    144    144    64    144    144    72    144    144    48    64    72    144    72    144    144    112    144    64    152    144    48    152    144    144    72    72    144    96    144    144    152    144    144    152    112    64    144    56    64    144    112    144    64    144    96    72    144    72    144    64    128    144    144    144    48    144    96    144    144    144    64    48    72    112    144    152    144    144    144    96    64    56    
144    64    144    144    144    144    144    144    144    144    144    112    128    144    144    144    144    128    144    64    144    48    144    96    48    144    144    144    152    48    144    144    144    144    144    72    56    72    144    144    144    144    144    48    128    64    144    144    144    144    56    144    144    144    144    144    56    144    144    144    128    56    144    96    144    48    144    64    144    144    72    96    144    144    144    128    144    144    96    144    72    72    144    56    72    144    144    144    48    144    48    72    144    64    56    144    144    64    144    144    144    144    144    128    144    64    144    48    128    96    144    144    64    144    96    48    144    48    144    96    144    144    144    72    48    56    144    144    144    64    144    144    64    128    112    144    144    144    144    144    144    112    64    144    144    144    72    72    72    144    144    48    144    48    144    144    48    144    144    56    144    72    144    144    64    128    56    144    72    144    48    64    48    144    144    144    144    144    96    144    56    144    144    144    56    144    64    144    56    144    64    64    56    96    144    128    144    56    144    56    
96    152    64    144    96    144    144    144    144    144    112    144    64    144    144    56    144    144    48    56    144    64    56    48    144    72    144    144    152    96    144    48    144    144    72    64    144    64    72    64    72    144    144    144    56    96    144    96    144    144    72    144    144    144    144    112    144    144    144    144    144    96    56    144    144    144    48    144    144    56    64    144    144    72    144    144    48    144    72    144    144    96    144    128    56    144    144    48    144    144    72    144    144    144    144    56    64    144    56    72    64    144    144    144    48    144    48    56    144    152    144    144    144    96    144    56    128    64    144    56    48    128    144    72    144    144    144    72    144    144    144    144    144    144    64    144    72    56    48    48    56    144    144    48    96    64    144    72    64    144    72    64    64    112    144    72    144    144    96    56    144    56    144    144    48    72    144    144    64    144    144    144    144    96    48    144    112    144    112    48    144    144    144    112    144    144    112    144    144    144    56    144    56    64    144    144    72    96    144    144    
96    56    64    144    144    144    144    144    144    144    144    72    64    48    144    72    96    144    144    144    72    72    48    72    48    56    64    72    64    144    128    144    144    144    144    144    144    144    144    96    144    56    144    144    128    144    144    144    48    64    144    48    144    96    56    144    144    56    144    144    152    144    144    144    48    144    144    144    128    72    144    144    152    144    144    144    144    56    144    144    144    152    144    144    96    56    72    64    72    64    128    152    72    144    144    144    72    144    144    144    48    56    144    144    144    56    144    144    112    128    144    72    64    144    48    144    48    144    56    144    144    144    48    96    64    72    144    144    112    48    144    144    144    144    64    112    144    144    128    144    144    144    64    72    56    144    64    144    144    112    56    96    144    144    144    144    48    144    144    64    72    56    56    144    144    48    128    144    144    64    128    112    144    144    144    96    128    144    144    144    48    64    96    56    144    144    144    144    144    56    112    144    144    152    144    144    128    56    144    48    
64    144    144    112    144    144    128    72    128    144    144    144    144    96    144    144    144    96    56    144    144    56    144    144    144    96    72    144    152    144    144    144    56    144    144    72    144    56    96    144    48    144    56    72    144    72    64    144    144    56    144    144    144    48    144    112    144    96    144    144    144    144    96    64    56    48    144    144    144    48    48    144    112    144    48    144    144    128    144    144    144    144    144    72    144    64    48    144    144    48    128    56    64    56    128    72    64    72    144    144    144    64    144    64    144    144    144    144    144    152    72    64    64    144    64    144    48    112    144    56    144    144    144    144    48    144    144    72    144    48    48    144    64    64    144    144    48    144    128    144    48    144    128    144    48    72    144    56    128    56    72    144    56    144    56    144    96    144    112    144    144    112    56    64    144    144    144    144    56    48    144    144    72    48    144    64    144    112    64    72    144    144    96    144    144    56    144    64    144    48    144    144    144    152    144    144    144    56    48    144    
72    72    48    128    144    144    144    144    144    144    144    96    144    144    144    144    56    56    144    56    144    144    144    144    48    64    144    72    152    144    144    144    144    144    144    112    48    96    72    144    112    144    144    144    72    48    48    112    144    144    128    144    48    48    56    56    144    144    144    48    72    144    144    56    48    48    72    144    144    144    144    72    144    56    144    72    144    144    72    144    144    144    112    48    144    64    144    144    144    72    144    144    144    144    144    144    144    144    112    96    144    48    144    144    144    144    144    144    144    152    56    64    144    144    144    144    144    144    144    64    48    144    64    144    56    144    128    72    144    144    144    56    144    144    144    48    56    64    144    144    128    144    144    144    144    144    144    96    144    144    56    144    56    144    144    144    72    144    144    144    48    144    144    48    144    48    64    56    128    144    48    72    144    144    144    144    144    144    72    144    56    72    144    144    64    96    144    72    144    144    144    64    144    152    144    144    48    128    96    144    
48    64    112    48    144    144    144    72    56    144    72    72    144    128    144    112    144    128    144    144    144    144    144    144    144    144    56    112    152    64    72    144    112    96    144    72    144    144    144    144    56    112    144    96    144    144    152    144    144    144    128    144    144    72    64    144    96    128    144    144    56    144    72    144    144    96    72    144    56    144    144    64    56    112    144    48    48    128    144    144    48    72    144    144    64    144    144    144    144    144    144    144    72    64    144    48    144    152    48    128    48    144    96    144    144    144    112    144    56    112    144    144    112    144    48    144    144    64    144    56    144    144    144    64    144    144    144    144    144    144    56    144    144    144    144    144    144    112    144    144    128    128    144    144    48    144    48    144    144    144    144    56    144    144    144    144    144    144    72    48    144    144    112    56    56    144    144    72    72    48    144    144    72    144    56    64    144    128    96    144    144    144    56    64    96    144    64    128    144    144    48    64    72    56    144    144    144    48    128    144    
128    56    144    144    144    48    144    144    144    64    144    144    144    144    144    144    64    56    144    144    144    144    144    144    144    56    144    144    152    144    128    112    128    48    72    64    144    128    144    112    72    144    144    144    144    72    144    48    48    72    144    72    144    96    144    144    144    72    144    144    144    144    72    64    72    144    128    72    56    48    64    56    72    144    144    64    144    144    144    112    72    72    112    72    144    144    144    144    56    144    144    144    144    72    112    144    144    152    144    72    48    144    72    144    64    144    144    64    144    152    144    64    144    144    144    56    56    56    64    144    144    48    144    72    112    144    144    144    144    144    128    144    72    128    144    72    144    48    64    128    144    144    48    144    48    144    144    144    64    112    64    96    112    48    56    144    144    144    64    64    144    144    144    56    48    144    96    112    56    144    96    56    96    48    48    144    144    144    144    128    144    48    48    64    144    144    144    56    144    144    48    144    48    144    128    64    144    144    48    72    
144    152    144    64    144    144    144    144    112    48    48    144    144    144    144    144    64    144    144    144    144    144    144    144    144    144    144    152    152    144    56    144    144    144    96    48    144    144    144    48    144    144    64    144    48    144    144    72    144    64    72    144    144    144    96    48    72    144    144    144    144    144    144    64    72    48    128    144    144    144    144    144    144    144    144    64    112    144    144    112    144    144    144    144    56    144    144    72    48    144    144    72    144    144    144    144    144    144    64    144    144    96    144    48    56    128    48    144    144    72    64    48    128    64    48    144    144    128    48    144    72    144    144    144    144    144    144    96    144    144    144    144    64    144    64    96    72    144    144    48    112    56    144    144    144    128    144    96    96    144    144    144    144    144    144    48    144    56    144    112    96    144    144    72    144    56    144    144    144    144    56    48    64    144    144    144    96    144    144    144    72    144    144    152    144    72    144    96    144    64    144    72    64    72    112    72    144    144    144    128    
56    64    144    144    128    144    144    96    72    48    112    72    72    64    96    144    56    144    144    144    64    144    144    144    56    112    144    144    152    56    144    72    64    64    128    112    128    72    112    128    72    144    144    144    72    144    144    144    144    144    144    48    144    144    64    144    144    152    72    144    144    48    144    144    96    144    128    144    144    144    56    96    152    144    144    72    128    144    56    128    56    144    72    112    72    72    144    112    144    144    48    56    152    112    72    128    144    144    72    56    144    144    128    144    56    144    128    144    48    64    144    144    152    48    144    144    48    144    144    48    144    144    96    144    96    144    56    144    56    56    64    72    56    144    112    144    144    64    72    56    48    64    128    152    48    96    128    144    144    144    144    144    72    64    56    144    96    72    152    112    144    96    152    144    144    56    144    72    144    128    48    144    144    56    144    144    64    96    144    144    64    72    144    56    144    64    56    64    64    144    64    152    144    128    112    96    144    56    144    144    
48    144    144    144    144    72    144    48    72    64    64    64    144    144    144    152    128    56    96    64    144    48    144    144    72    56    144    112    152    72    48    144    112    144    48    144    144    144    144    112    144    128    48    144    144    144    56    144    48    144    144    128    64    48    144    72    144    144    144    144    144    64    144    144    144    144    144    144    56    144    144    144    144    48    144    144    144    64    72    144    112    144    48    144    144    144    144    144    144    144    72    144    48    56    144    144    144    64    64    144    144    96    144    144    144    144    144    112    112    56    144    48    144    144    144    144    144    144    144    64    144    112    144    64    72    144    144    152    48    56    144    144    144    144    144    144    64    144    144    128    144    144    144    144    56    56    48    56    144    144    48    144    128    128    112    56    64    144    56    112    64    128    48    144    48    144    56    72    64    56    144    144    144    144    144    112    56    128    56    144    144    144    144    144    128    112    144    64    144    144    144    64    144    144    144    64    144    112    144    96    
144    152    144    152    144    128    152    144    144    96    48    144    56    144    144    64    144    144    144    112    72    144    144    144    56    144    56    144    152    48    144    144    48    56    144    144    144    152    152    144    96    128    72    48    144    48    144    144    72    56    112    64    72    144    128    144    144    112    72    144    72    144    144    56    144    128    144    48    144    144    144    144    144    144    144    144    144    144    128    144    144    144    144    112    72    56    144    144    144    56    144    144    64    144    144    144    144    144    64    144    144    144    152    144    112    144    144    144    144    152    144    64    72    144    144    144    96    144    72    48    144    144    144    128    48    48    144    64    152    144    144    144    144    144    144    144    72    72    144    56    144    144    144    64    144    144    144    144    144    144    144    144    128    112    144    144    144    152    64    144    144    144    152    96    56    96    128    72    144    72    56    56    144    144    48    144    144    144    144    144    144    144    144    96    144    144    56    64    56    144    64    64    56    112    128    144    128    144    144    64    
144    144    144    64    144    128    96    144    144    64    72    48    144    144    144    144    144    48    72    56    144    48    128    144    64    72    144    144    96    64    112    128    96    144    128    144    112    144    96    128    128    72    144    144    64    56    152    144    144    144    128    64    64    144    56    144    144    144    144    56    64    56    144    64    144    144    144    144    144    144    72    56    96    144    144    144    48    144    144    144    144    144    144    144    144    72    144    64    144    112    144    144    72    144    144    144    72    144    64    48    144    96    56    112    144    144    128    64    144    64    144    144    144    56    144    144    56    144    144    144    144    144    152    144    144    48    144    144    144    144    144    144    48    48    64    128    144    144    112    48    56    144    48    144    72    56    56    144    96    56    144    48    144    72    112    144    96    144    144    48    144    144    144    144    144    64    48    144    144    144    144    144    144    128    144    56    144    144    56    48    64    64    144    72    56    96    144    144    96    144    144    56    144    64    144    144    144    48    144    144    
144    144    144    112    144    144    144    48    144    144    56    72    144    72    96    112    64    144    144    144    152    144    144    48    56    56    144    144    144    144    64    112    144    64    56    48    48    144    144    72    112    144    64    56    144    72    144    144    56    144    144    144    48    144    72    112    144    144    144    144    72    144    144    144    64    144    48    144    144    144    128    72    144    72    144    144    144    144    144    144    144    144    144    56    56    144    144    48    48    64    144    96    48    48    144    48    144    128    144    56    64    144    72    144    48    144    144    72    144    152    48    144    144    96    64    144    144    72    144    144    64    144    64    48    144    144    144    144    144    48    144    96    48    144    128    72    144    144    144    144    144    144    144    48    72    144    72    144    144    144    48    112    56    48    112    144    72    144    144    144    144    144    144    128    144    64    48    144    56    64    128    144    56    144    96    144    144    48    144    144    64    128    144    144    144    96    72    144    48    144    96    128    128    64    56    64    144    144    72    96    
112    152    144    56    144    144    144    56    48    112    128    72    56    144    144    56    72    56    64    64    112    144    128    64    48    144    64    144    64    144    72    72    64    144    128    144    144    152    56    112    144    144    56    144    96    48    144    72    144    144    144    96    144    56    144    144    144    144    56    72    64    112    144    144    144    144    128    144    64    64    144    144    72    48    144    96    144    144    144    144    144    56    144    144    56    144    96    56    144    144    56    144    144    72    144    144    72    56    144    144    144    144    144    144    112    144    144    48    112    152    144    144    144    144    72    144    144    48    144    144    48    144    144    144    144    144    96    144    144    72    96    144    144    144    72    48    48    144    64    64    48    112    128    144    144    72    144    48    144    144    112    144    144    48    144    64    144    144    144    144    128    144    144    128    56    128    56    64    144    128    144    144    144    144    64    144    56    144    112    144    56    144    144    48    128    144    48    144    144    144    56    144    72    152    144    144    72    144    64    144    
144    56    144    144    72    112    144    112    144    144    48    144    64    144    144    64    144    144    144    144    48    48    144    72    144    144    128    144    152    144    144    144    48    144    144    144    144    152    144    96    144    56    144    48    96    144    144    56    64    48    56    144    72    64    144    144    72    64    144    144    144    56    144    72    56    144    96    144    152    96    144    72    144    48    64    48    64    64    144    144    144    144    144    152    112    144    144    144    72    64    56    144    144    152    72    144    64    64    144    144    144    144    112    144    72    64    144    144    144    152    64    144    144    144    144    72    144    64    48    144    64    144    144    56    144    144    144    112    144    144    144    56    144    144    144    56    72    144    144    48    144    144    96    144    48    144    112    96    144    144    144    112    72    144    144    144    128    144    72    48    144    144    144    72    144    144    144    144    72    144    56    144    64    64    144    64    48    72    144    144    48    144    56    144    144    144    64    144    144    144    144    152    112    128    72    56    72    144    72    144    
56    144    144    48    144    48    144    144    64    144    144    144    48    144    144    56    144    64    144    48    144    48    144    56    48    144    48    144    72    144    56    64    144    144    144    64    144    144    144    144    144    72    144    144    144    64    72    144    144    144    144    64    56    48    56    144    152    112    48    144    56    144    72    128    112    64    48    144    144    144    96    144    64    56    56    128    96    48    96    144    96    64    144    144    144    64    144    64    144    144    48    144    72    112    112    56    144    144    64    144    144    144    144    56    144    48    144    144    128    64    72    144    144    72    144    144    64    144    56    144    144    64    144    144    144    144    72    64    96    112    64    56    144    144    144    72    112    56    144    56    144    144    144    144    144    152    112    56    96    144    64    144    144    48    144    144    144    64    152    64    144    144    144    48    72    144    144    144    144    144    144    144    144    128    144    144    72    144    64    144    144    144    144    48    144    56    128    144    144    56    144    96    72    64    112    144    144    144    144    144    
144    152    152    144    48    96    72    144    144    144    96    96    144    144    128    144    144    72    72    56    144    128    72    144    144    144    56    144    160    144    48    144    128    56    144    144    144    64    144    144    48    72    144    144    56    128    152    144    72    152    144    144    144    112    144    144    144    144    144    64    128    48    144    144    56    56    144    144    64    144    144    144    152    144    56    144    144    72    64    72    128    64    48    128    144    144    144    144    144    128    144    72    144    144    152    144    144    56    48    144    112    144    144    144    48    144    64    144    48    152    144    48    144    144    144    144    144    72    72    144    144    144    144    64    144    64    144    72    144    56    144    144    64    144    144    144    48    144    144    128    144    144    144    144    144    56    128    72    144    144    112    48    144    72    72    144    64    144    144    144    56    144    56    144    72    144    72    64    144    144    144    144    56    72    144    56    64    112    144    144    144    72    72    144    48    56    144    144    144    144    64    56    144    128    144    96    144    144    128    64    
128    56    72    144    144    96    144    56    144    128    144    144    64    144    96    144    72    144    144    144    64    144    144    144    144    48    144    48    128    144    144    144    64    64    144    56    96    144    144    144    144    48    144    56    128    48    64    56    144    144    144    144    64    48    48    96    144    144    144    72    48    128    72    72    128    96    144    144    128    144    48    96    144    72    144    144    144    48    144    144    56    144    144    144    144    48    72    144    64    144    128    144    144    144    64    128    144    128    56    144    144    64    72    144    144    144    144    144    144    152    144    144    64    72    144    72    144    144    144    144    56    128    72    144    96    96    48    144    144    144    64    144    144    56    144    144    56    64    144    144    64    112    144    144    48    112    144    72    144    144    72    144    72    72    144    144    64    144    96    144    128    144    128    144    144    144    128    64    144    96    144    144    56    144    48    144    64    112    144    144    144    64    48    128    144    144    144    56    144    144    144    144    72    64    144    144    144    144    144    144    
48    48    144    144    144    64    144    112    128    96    144    144    144    64    144    144    144    144    64    144    144    96    144    144    144    48    48    144    152    144    144    144    144    144    144    96    144    144    144    56    144    64    144    144    64    64    144    96    144    56    128    144    144    56    48    144    64    144    64    56    48    144    144    64    128    96    144    144    48    144    64    64    144    144    64    144    144    144    48    144    144    144    144    48    56    144    72    64    144    144    144    144    96    128    144    144    144    144    144    72    144    48    96    144    144    144    144    144    72    152    144    144    144    48    144    128    144    128    144    144    56    144    144    144    64    56    144    144    144    144    144    144    48    144    144    144    144    56    64    144    144    144    144    112    144    144    144    96    72    144    144    144    64    56    144    96    144    144    144    144    48    96    64    64    144    144    72    144    144    112    144    128    144    96    96    112    144    64    48    56    144    144    112    64    56    144    144    144    48    144    72    144    96    144    56    144    64    96    48    72    
72    128    144    144    72    56    48    144    144    72    144    144    72    144    144    144    144    144    72    56    144    128    72    144    72    112    112    48    152    64    144    128    144    64    72    96    64    56    144    72    144    144    144    128    112    144    48    144    64    144    144    144    144    144    48    72    144    144    112    144    144    144    48    48    128    144    144    144    128    48    48    144    152    96    144    144    144    144    56    72    64    144    144    144    144    144    144    112    144    144    64    144    144    96    144    144    144    64    144    144    64    144    144    72    72    72    144    144    56    152    144    144    144    144    112    128    48    144    56    144    144    144    128    144    112    56    144    144    72    96    128    144    112    128    72    144    144    144    144    64    144    48    64    144    56    144    64    48    64    144    72    144    144    48    144    144    144    144    144    72    64    144    64    144    144    144    144    144    64    112    144    144    72    128    144    144    48    144    144    144    144    96    144    144    56    144    56    64    48    144    144    144    144    64    96    144    144    64    144    144    
144    144    112    72    144    48    152    48    112    128    144    48    144    96    144    64    144    144    112    144    144    48    96    144    144    144    144    64    152    56    144    48    144    64    144    144    144    56    96    48    144    144    144    64    112    144    152    64    144    48    112    144    144    144    144    144    144    144    144    144    144    144    144    144    144    64    64    64    96    144    144    48    56    144    144    144    128    144    64    56    56    144    144    152    144    144    144    48    144    144    64    144    56    144    144    144    144    144    152    144    144    144    144    144    144    144    144    144    144    152    72    144    144    64    144    144    144    144    144    144    144    72    144    48    144    144    144    144    144    144    144    144    112    144    48    64    152    48    48    56    144    144    112    144    144    56    128    144    64    48    144    144    128    144    112    128    96    56    144    72    144    48    144    112    72    56    128    128    144    144    64    144    144    144    56    144    96    144    144    72    64    72    112    144    64    144    64    144    144    144    72    96    72    48    144    64    144    56    144    56    
112    64    144    144    144    56    64    144    144    144    112    144    144    112    128    112    72    144    64    144    144    48    144    144    96    64    48    144    152    96    144    144    144    144    144    144    144    144    56    144    48    72    144    128    144    72    72    96    144    64    64    144    72    64    144    56    56    144    72    48    144    144    48    56    144    56    144    144    144    64    144    48    144    112    64    144    144    48    96    72    64    72    144    144    48    144    56    144    144    112    48    144    64    56    144    144    64    144    64    128    56    144    48    144    144    64    144    144    144    152    144    112    144    48    112    144    144    144    144    144    112    144    128    144    144    144    144    112    144    56    64    144    128    144    144    144    56    144    96    72    96    56    144    144    112    72    144    48    56    144    144    144    144    144    144    144    48    144    144    144    144    48    64    64    64    144    112    144    144    144    144    56    72    144    144    144    144    144    128    112    48    56    56    144    56    144    144    128    112    144    48    152    64    144    96    72    144    144    72    144    
56    152    56    56    144    144    144    72    144    144    144    144    56    56    144    48    64    144    96    144    96    144    128    64    64    64    144    144    152    64    144    144    144    144    144    144    144    144    144    48    144    48    56    72    144    56    144    144    144    144    48    144    48    144    144    144    144    56    112    64    144    144    112    144    144    56    144    72    144    144    56    72    144    72    96    56    144    48    72    144    64    48    64    56    48    144    144    144    64    96    144    144    144    48    128    144    144    56    64    144    144    144    72    128    96    144    48    128    48    152    48    144    128    72    144    144    144    144    144    144    64    144    112    144    112    144    56    48    152    144    144    144    144    48    144    56    96    144    144    72    64    144    48    96    144    112    144    144    144    56    144    144    144    48    144    144    144    144    144    144    144    144    144    144    144    144    72    144    72    112    56    144    144    112    72    144    144    72    144    72    56    144    144    144    144    144    144    144    72    144    144    144    56    144    144    96    64    144    144    144    
144    144    56    128    144    64    72    144    144    56    56    48    144    144    144    48    144    144    144    72    144    144    144    144    56    144    144    112    152    56    64    144    144    64    144    144    112    64    112    144    48    96    144    48    144    96    96    144    128    144    144    144    128    144    128    144    112    144    64    144    128    144    144    144    48    96    48    144    96    112    144    144    144    144    72    144    144    144    144    112    144    144    144    144    128    144    144    128    112    128    48    144    144    144    144    144    144    48    56    64    128    128    144    144    128    144    144    56    144    64    144    128    144    56    144    96    56    144    128    64    56    152    144    48    144    64    48    72    144    48    144    144    144    144    144    144    112    72    144    144    144    48    144    144    144    128    144    144    144    144    56    144    64    64    144    112    48    144    144    144    112    144    144    144    144    72    144    144    144    144    48    64    128    144    144    72    64    144    48    144    144    144    112    112    144    144    144    144    144    72    144    144    112    128    144    112    128    128    112    144    
144    128    144    144    144    112    72    144    64    144    144    112    128    144    144    144    72    48    112    72    144    128    72    144    72    144    144    144    64    128    144    72    112    152    72    56    144    128    144    144    144    96    72    96    112    144    128    144    64    144    64    144    144    144    56    144    144    144    144    144    152    56    144    56    96    72    48    112    144    144    144    56    144    144    144    144    144    144    72    128    144    144    64    144    152    144    144    48    112    144    144    64    64    144    144    56    144    144    128    56    144    144    152    144    144    144    96    144    144    152    72    144    144    112    144    152    144    144    144    152    64    144    152    144    144    144    144    144    72    144    144    48    64    64    144    144    128    144    72    144    144    56    144    144    144    64    112    64    48    144    144    112    144    72    144    64    144    72    56    128    144    144    72    144    144    144    144    144    64    48    64    144    64    56    144    144    152    56    144    64    152    152    64    48    144    72    144    72    144    144    144    152    64    144    152    144    64    48    144    152    
144    144    72    144    48    128    144    144    72    48    64    144    72    144    72    144    72    112    144    144    144    144    72    96    64    144    64    144    152    72    144    144    144    144    144    144    128    144    144    112    48    64    144    56    96    144    112    144    48    144    64    144    144    144    56    72    128    72    144    144    144    144    144    72    96    144    144    48    144    144    112    48    144    144    144    128    144    144    64    96    144    112    64    144    144    144    64    144    112    144    144    144    128    72    144    144    144    144    96    56    56    144    56    144    144    144    48    48    144    152    144    96    144    48    144    144    64    144    128    128    72    144    144    144    96    128    144    144    64    144    144    64    144    144    144    144    144    144    96    144    64    144    72    72    96    144    96    144    112    72    48    144    96    48    144    48    144    56    72    72    144    144    144    96    144    64    144    144    144    72    144    96    48    96    144    144    144    144    144    64    144    144    64    144    64    48    144    144    48    96    64    112    72    144    112    48    144    144    96    144    
72    144    144    144    112    144    144    144    48    144    56    72    144    144    48    144    144    144    144    144    144    144    144    144    64    56    96    144    152    64    56    144    56    128    112    144    144    112    48    72    144    48    144    56    56    144    144    144    144    144    144    72    144    56    144    144    144    144    144    144    144    48    144    144    112    72    72    64    144    96    48    144    152    48    128    144    144    144    112    144    144    144    144    112    56    144    144    48    128    64    128    144    144    144    144    72    144    152    144    144    48    144    144    144    144    144    144    56    48    56    144    144    144    64    144    64    48    144    56    144    144    56    144    144    64    144    144    96    144    144    56    144    48    128    144    64    96    144    144    48    144    144    144    56    144    144    144    144    144    144    48    64    144    144    144    144    64    56    144    144    144    128    144    152    144    128    144    72    144    64    56    64    144    144    144    144    144    144    128    144    144    144    56    144    96    96    144    144    144    144    144    152    72    144    144    48    144    144    128    144    
64    152    144    144    144    144    144    64    144    48    48    128    144    48    144    48    112    128    144    144    144    144    144    144    144    144    144    64    56    72    144    64    144    144    96    144    144    72    56    144    144    144    144    144    144    128    144    96    144    144    144    56    144    144    144    144    144    144    144    72    144    144    144    144    56    48    48    144    72    48    144    144    152    144    144    144    48    144    144    64    144    112    56    96    144    144    144    144    144    72    112    144    144    96    144    56    64    144    144    64    144    144    144    144    144    144    144    144    112    152    128    72    144    56    144    64    144    144    144    144    144    56    144    144    72    144    96    56    56    144    144    144    144    144    72    56    144    144    48    144    144    144    72    96    56    112    144    144    144    144    144    56    56    64    112    56    144    144    144    56    64    128    152    144    56    144    144    144    48    72    144    112    72    144    144    48    144    112    112    144    144    144    64    96    64    72    144    144    144    144    144    144    64    128    64    112    48    96    64    144    
144    144    144    144    48    144    112    72    72    56    64    72    72    56    72    128    144    144    144    144    144    144    144    144    144    144    48    144    152    144    112    144    144    144    144    144    144    152    144    144    144    144    144    56    112    48    144    144    144    144    56    48    144    144    48    144    144    112    144    64    144    144    144    144    56    64    144    144    48    144    48    144    96    144    64    152    144    48    144    144    144    144    144    144    72    144    144    48    144    144    144    144    144    144    144    96    144    56    144    72    144    144    144    64    144    96    144    112    48    112    144    112    144    72    144    144    144    96    144    144    144    48    144    72    144    144    144    48    144    144    144    144    48    128    48    144    64    144    144    144    72    72    56    128    144    144    64    144    96    144    112    144    64    48    48    128    144    144    144    144    112    72    144    144    144    112    72    72    144    144    72    48    144    144    64    144    72    56    144    144    144    112    48    144    144    144    144    56    96    144    56    96    48    144    144    64    48    72    144    144    
144    144    144    144    144    144    144    144    128    144    64    56    128    144    144    112    144    48    144    144    112    144    144    144    48    56    144    48    152    48    48    144    144    144    48    56    64    56    144    144    48    112    144    128    128    64    144    112    56    144    96    72    64    144    72    72    144    144    72    128    144    144    144    48    56    144    64    72    144    144    56    144    72    144    144    56    144    144    64    64    144    144    144    96    56    144    128    48    144    128    144    144    48    48    144    144    144    144    144    144    144    144    144    144    128    64    144    64    144    56    144    144    144    144    144    144    144    144    56    56    144    128    128    144    144    144    144    144    96    144    144    112    64    48    128    144    144    56    48    56    144    144    144    144    144    144    144    72    112    144    72    64    64    144    144    144    144    144    72    128    64    144    144    144    144    144    64    96    144    144    144    144    144    144    144    72    144    48    144    128    72    144    56    144    64    144    144    48    144    56    144    72    144    72    144    144    96    144    48    56    
56    144    48    144    64    72    144    144    128    144    64    144    128    128    72    144    48    144    56    144    144    96    96    64    144    144    48    144    152    56    128    64    48    144    64    144    144    144    144    64    144    144    128    72    64    56    72    128    144    64    144    144    112    144    128    144    72    128    144    56    72    72    48    48    144    144    144    72    144    128    48    144    144    48    144    144    144    72    144    64    144    48    144    64    128    144    144    72    112    144    144    144    64    144    144    56    144    96    144    72    144    96    144    144    112    144    144    72    144    56    64    144    128    144    144    56    144    144    72    72    128    144    152    144    144    112    144    56    144    72    144    48    64    144    144    144    144    144    144    144    144    144    144    144    96    144    144    48    144    144    128    144    144    144    96    96    144    64    144    96    48    48    144    144    144    144    48    48    144    144    144    48    96    144    48    48    144    144    144    144    72    144    144    144    144    144    48    144    144    72    48    144    56    96    64    144    64    64    56    56    
72    72    48    144    144    144    128    144    144    144    72    144    144    144    144    112    144    144    112    56    144    56    144    144    56    144    144    144    144    144    144    72    96    144    144    48    64    144    56    144    144    144    144    128    144    144    144    56    72    64    144    144    144    144    144    48    144    144    144    144    144    72    48    144    144    64    128    64    144    48    96    144    144    112    144    152    144    144    144    64    112    144    144    96    144    48    48    144    144    144    56    64    144    144    144    96    144    152    64    56    144    144    144    144    112    64    144    48    144    144    64    64    72    64    144    144    144    64    144    64    56    144    128    96    64    56    144    144    144    72    144    144    48    144    48    96    144    48    144    144    72    144    144    144    64    72    144    144    56    144    48    128    96    56    144    144    144    112    144    144    144    144    144    72    96    144    72    56    112    144    96    112    144    96    72    144    64    144    144    144    56    96    48    144    96    128    96    144    144    144    128    144    144    56    144    144    144    144    56    144    
144    96    96    48    72    144    64    144    144    144    64    144    96    144    144    56    72    144    48    48    48    56    144    144    48    144    144    144    152    144    96    96    56    144    144    72    56    112    48    144    48    144    144    144    56    72    128    144    144    144    72    144    144    56    144    144    144    56    144    96    56    144    144    56    112    144    144    144    144    144    144    128    64    144    144    144    64    144    144    144    144    112    144    144    144    144    144    64    72    72    144    144    112    144    56    56    144    144    144    144    144    64    144    144    144    48    144    144    144    152    152    144    144    64    56    144    128    56    144    144    144    56    56    112    64    144    144    144    48    144    48    144    112    96    144    64    144    48    96    144    144    48    144    128    64    64    144    48    48    96    144    64    56    144    48    144    144    128    144    72    144    112    64    96    144    144    144    144    96    144    144    144    64    128    128    96    64    72    128    128    72    128    56    72    144    144    144    144    144    96    144    56    144    144    144    144    144    144    48    144    
56    144    144    56    144    48    64    144    56    48    144    144    144    48    64    144    128    64    144    72    144    144    144    56    96    48    96    72    152    144    96    144    144    56    144    56    144    144    144    72    48    144    48    128    144    144    96    112    96    144    144    144    144    144    48    144    72    96    144    64    112    96    144    64    144    144    64    144    128    144    48    64    144    56    144    144    144    144    144    64    144    144    48    72    144    144    144    56    72    144    144    144    64    144    144    144    56    144    144    144    144    112    96    144    144    112    64    72    56    152    96    144    56    144    144    96    96    144    144    144    64    144    128    144    144    48    144    144    56    144    72    144    72    144    144    144    144    144    144    144    144    144    144    56    72    144    144    144    56    144    144    56    144    144    144    48    144    144    144    48    72    144    64    128    96    48    144    144    48    128    48    144    56    112    144    72    64    96    144    72    144    144    128    144    96    96    144    144    144    64    96    152    144    144    144    144    144    144    144    72    
96    152    144    144    64    48    152    144    144    144    128    144    112    48    72    144    144    56    112    64    144    144    48    144    48    144    144    144    144    56    48    48    48    144    144    144    144    144    64    128    72    48    144    56    144    144    72    144    144    144    48    144    112    112    144    144    144    144    96    64    144    144    128    144    144    48    144    144    152    144    144    144    144    48    144    72    144    144    144    56    144    112    144    144    64    144    48    144    144    96    56    144    64    144    144    64    56    72    144    112    144    144    144    144    144    144    72    144    144    152    128    144    144    128    72    112    144    144    144    48    144    144    144    64    144    48    72    144    64    56    112    64    144    56    144    144    144    72    144    96    144    144    144    144    144    144    56    144    112    144    96    96    144    72    64    144    64    144    96    144    144    56    144    64    72    48    64    48    64    72    48    144    144    144    144    144    144    144    144    48    144    144    64    128    144    56    48    144    96    144    144    64    64    144    144    144    144    144    144    72    
128    64    144    144    48    144    128    144    144    144    56    144    72    144    56    144    144    144    48    144    144    96    144    56    144    64    72    56    152    144    48    144    112    144    144    144    144    128    144    48    72    72    144    144    128    144    56    128    48    144    144    144    144    144    144    144    144    144    144    72    144    144    144    72    144    144    144    64    128    144    48    112    144    144    144    144    48    144    144    144    144    64    56    56    96    48    144    112    48    96    144    64    112    112    144    64    72    144    64    144    72    48    48    64    144    144    144    48    96    112    144    144    144    48    64    144    56    48    112    144    144    144    128    72    64    144    56    96    144    144    144    144    144    144    144    144    144    144    144    144    144    72    112    144    48    64    72    144    56    144    144    144    48    144    128    144    72    48    144    144    144    128    96    144    72    128    144    64    144    72    48    144    72    56    144    144    72    144    56    144    144    96    64    144    64    56    72    144    72    72    96    96    128    64    48    144    144    64    64    72    
144    56    152    144    96    144    56    112    72    64    144    144    144    64    96    112    72    144    112    144    72    112    56    144    128    144    64    144    64    144    72    56    144    144    56    72    144    112    48    144    64    48    144    96    72    144    144    144    144    144    144    144    144    144    144    144    48    72    72    56    144    144    144    144    144    144    112    144    112    144    144    144    144    144    144    112    144    72    144    144    144    72    48    152    144    144    112    144    144    144    112    72    144    144    144    144    144    56    144    144    144    64    152    144    144    144    48    144    48    72    56    144    144    72    112    144    48    144    48    144    64    144    144    72    144    144    144    144    144    64    72    144    144    56    56    144    144    144    144    112    144    64    96    56    72    144    144    96    144    144    72    48    56    144    144    144    144    144    56    64    72    64    144    152    144    144    144    128    144    144    144    144    144    144    144    144    72    112    144    144    144    48    96    152    48    144    144    152    144    144    144    144    48    64    144    144    144    144    72    48    
48    144    144    64    144    144    96    112    144    112    144    144    128    112    144    144    144    64    144    144    144    56    144    64    48    144    144    144    152    144    112    144    144    144    144    144    56    56    72    64    144    144    144    48    144    144    144    64    144    144    48    56    72    56    48    64    144    144    144    128    144    64    144    144    144    144    144    144    56    72    144    144    144    144    64    144    48    72    96    112    144    144    96    64    144    48    48    144    144    144    144    144    48    64    96    144    144    144    144    48    144    144    144    112    64    48    144    72    144    152    144    128    56    144    144    64    144    56    144    128    56    128    144    144    144    128    144    144    64    144    64    48    144    144    144    144    64    72    144    144    72    72    144    144    72    144    144    64    72    64    112    144    144    64    64    128    96    64    144    72    128    144    144    144    144    144    144    144    48    96    144    144    48    144    144    48    144    144    144    144    144    144    144    56    144    96    56    48    144    64    56    144    72    144    64    144    144    144    72    56    
112    144    144    144    144    144    48    144    144    56    144    72    72    144    96    144    144    64    56    64    144    72    64    144    144    112    56    144    72    144    144    144    144    48    144    144    128    96    144    144    144    56    64    128    56    144    144    96    112    96    144    144    144    144    144    48    144    144    72    56    144    144    144    144    144    144    64    144    64    144    48    64    144    72    144    56    56    56    56    72    48    144    144    144    144    144    144    144    144    144    144    64    144    56    152    144    144    144    144    56    144    48    72    144    48    56    72    144    144    72    144    56    112    144    144    144    56    144    144    144    56    144    64    144    96    144    144    144    144    72    64    128    144    144    144    112    144    64    144    144    112    144    64    144    144    112    64    72    144    128    144    128    56    48    72    64    48    144    144    144    144    144    48    144    144    144    64    96    144    144    144    144    144    144    56    56    56    96    144    56    144    144    144    144    144    144    144    144    144    144    64    144    64    56    48    48    144    112    56    144    
144    64    144    152    144    64    144    144    72    144    144    72    144    72    128    144    144    144    144    152    144    112    144    144    144    48    56    144    152    112    144    144    144    144    144    144    144    72    64    128    64    144    48    144    152    144    144    144    144    48    56    72    112    64    56    72    144    144    144    144    144    144    144    64    144    56    144    96    72    48    144    96    144    144    96    72    144    64    128    48    144    144    144    144    152    112    144    144    64    144    144    144    144    144    48    144    48    64    144    56    144    144    144    112    144    56    112    72    72    152    64    144    64    64    144    144    48    144    144    96    144    96    144    144    64    144    144    152    144    144    144    48    144    72    72    144    144    144    144    64    144    144    64    144    56    48    144    144    72    48    144    144    64    56    152    144    72    144    144    144    144    144    56    144    144    72    144    64    64    56    48    144    48    56    144    64    144    144    144    48    144    144    144    144    144    64    48    144    144    112    144    128    144    144    144    144    144    144    144    72    
48    144    144    112    56    112    144    144    64    144    144    144    144    144    48    144    144    72    48    144    112    144    112    144    144    144    56    144    56    144    56    56    72    64    144    144    144    56    144    48    144    144    144    144    48    144    144    96    144    144    144    96    144    144    48    72    56    48    72    56    56    144    144    144    48    112    144    112    144    112    144    144    144    48    128    96    64    128    144    72    56    144    144    128    96    48    144    144    112    144    144    152    56    144    128    144    144    112    72    144    64    72    64    144    144    144    128    144    144    112    72    144    144    64    144    144    144    144    112    144    144    144    144    144    56    48    144    144    144    144    72    144    56    72    48    144    144    144    112    128    64    144    144    144    144    144    64    48    48    112    144    72    144    144    48    72    64    144    144    64    56    128    56    144    72    96    144    144    56    144    144    144    144    144    112    144    144    144    144    96    96    144    48    72    128    144    56    48    96    144    64    144    144    96    144    48    64    144    144    144    
64    64    144    72    144    112    144    144    144    56    144    144    144    112    56    144    48    144    144    144    144    144    144    72    128    112    144    144    144    64    72    144    48    48    144    128    56    144    96    144    112    144    64    144    144    48    144    144    144    144    128    96    144    144    144    56    48    64    144    144    112    64    64    144    144    144    112    112    144    144    96    112    144    56    144    144    144    144    144    144    56    144    144    144    144    144    72    144    144    144    144    144    72    144    96    144    64    64    144    48    112    144    144    56    144    144    48    144    144    152    128    144    144    144    144    48    128    144    144    144    112    144    128    56    64    144    48    144    144    144    48    96    112    96    128    144    56    72    72    144    144    144    112    48    56    48    48    48    72    144    72    144    144    144    144    144    96    152    48    144    144    144    64    56    144    144    64    48    144    96    144    144    56    144    48    144    48    48    48    144    144    144    144    128    96    144    144    144    112    128    144    144    64    144    72    144    144    144    144    72    
56    144    144    144    96    144    144    144    64    144    96    144    144    144    48    56    72    144    144    128    144    144    56    96    64    72    112    144    128    96    144    144    144    144    144    48    144    144    128    112    96    48    56    144    144    64    144    144    96    72    144    96    144    144    144    144    144    112    64    144    144    144    144    48    72    144    56    48    144    144    144    72    144    144    152    144    64    144    144    48    144    64    144    112    144    56    144    144    144    144    152    64    144    144    144    144    72    56    144    72    56    96    144    144    64    144    144    72    96    152    144    72    96    144    144    144    128    144    56    144    48    48    144    144    144    144    144    144    152    144    144    144    144    144    144    128    144    144    48    48    144    144    64    144    144    56    144    144    144    48    112    144    144    144    144    144    72    128    72    48    48    144    96    56    144    96    144    48    144    144    72    144    144    144    72    144    144    72    144    144    72    112    144    144    144    56    144    64    144    112    56    152    144    72    48    72    72    64    64    144    
128    112    128    128    48    64    96    144    48    112    144    144    72    144    96    56    56    144    112    144    144    48    144    144    144    144    56    64    112    72    144    144    72    144    144    64    48    144    144    96    144    72    112    144    144    144    144    128    144    64    144    96    112    48    144    144    64    56    144    144    128    144    144    48    48    144    144    144    144    64    144    144    112    144    64    56    144    64    144    56    144    144    144    144    72    112    144    144    56    144    144    144    112    144    144    64    144    144    144    96    144    144    144    144    112    144    64    144    144    64    144    144    144    48    48    144    144    144    96    144    144    96    144    48    48    144    144    144    144    56    144    144    144    144    48    72    144    112    144    144    144    56    96    112    144    112    56    56    144    48    144    144    56    144    112    144    144    144    144    144    144    144    144    56    144    144    72    144    152    144    72    144    56    48    144    144    56    56    144    112    144    48    144    144    144    64    72    128    144    144    144    144    144    144    64    144    144    144    48    144    
144    144    144    144    72    144    64    144    144    144    144    128    96    144    144    96    48    144    144    112    64    128    48    144    144    144    112    144    144    144    144    144    144    112    144    144    144    144    144    144    144    144    144    96    144    64    72    144    144    144    144    72    144    144    144    144    144    128    48    144    144    56    144    64    64    144    144    144    56    56    56    128    144    144    144    144    144    56    144    48    72    64    64    144    144    144    144    72    64    96    128    56    128    144    144    48    144    144    144    64    56    144    72    144    96    144    144    48    144    144    144    72    112    48    48    144    144    144    112    144    144    144    144    48    128    144    144    144    144    72    96    144    144    56    144    72    56    144    144    144    144    56    144    144    144    144    72    56    112    144    48    144    48    144    144    144    112    144    144    144    144    56    144    144    48    48    56    48    144    144    144    144    56    144    144    64    144    144    144    144    144    144    144    128    144    144    144    144    72    144    72    128    56    72    48    144    112    64    56    144    
112    72    144    144    144    144    64    144    72    144    72    144    72    72    96    72    72    144    56    144    144    64    144    72    144    96    72    144    152    56    48    144    144    72    144    48    144    48    144    144    144    56    64    152    144    152    144    144    128    128    144    56    144    144    112    144    144    64    72    144    144    144    56    144    72    144    144    144    128    144    144    48    112    144    144    144    144    144    56    144    56    56    144    144    112    144    144    144    144    144    64    56    144    144    152    72    144    72    128    144    144    144    72    144    144    72    56    144    144    152    144    144    64    144    144    152    144    144    64    72    128    128    48    144    56    72    64    144    144    112    96    144    64    144    72    128    144    72    48    144    96    72    56    72    144    144    144    56    144    144    144    144    64    144    144    48    144    144    144    144    144    144    144    72    144    112    144    56    144    144    144    144    144    144    56    144    152    144    144    144    64    144    144    152    144    48    144    144    56    144    144    144    144    64    48    64    56    72    48    144    
144    72    64    144    64    144    152    144    144    56    144    144    144    144    144    72    144    48    128    72    144    72    144    48    128    144    112    128    144    48    144    144    56    72    144    56    144    56    144    144    56    144    144    144    144    48    144    144    144    144    128    144    144    56    144    72    144    144    72    144    144    144    144    96    144    144    128    72    144    144    144    96    144    144    144    56    144    144    72    144    96    56    64    96    144    144    144    144    64    128    144    144    144    48    48    96    144    144    144    144    144    72    144    48    144    112    48    112    144    152    144    144    112    48    144    144    72    128    144    144    144    144    144    144    128    144    64    72    152    64    112    144    64    48    144    144    144    144    72    144    144    72    64    144    144    48    144    144    144    144    144    144    64    144    144    144    96    72    144    64    56    128    152    144    144    64    48    144    152    56    144    144    144    144    144    144    144    144    48    112    144    144    96    144    56    144    144    144    128    128    48    144    48    72    72    144    144    48    128    72    
48    144    144    56    144    96    144    144    72    128    144    144    144    144    144    72    48    144    144    64    64    64    144    112    144    72    144    64    152    48    144    144    144    48    144    144    112    144    144    56    72    112    64    144    144    96    144    144    56    144    144    112    128    144    72    144    144    144    56    144    144    64    144    72    48    144    144    96    144    48    96    96    144    144    112    72    144    112    144    144    144    64    144    144    112    48    112    64    48    144    144    56    48    144    144    128    48    112    112    128    144    48    56    144    144    144    144    144    56    152    56    56    112    96    56    64    144    144    96    72    144    144    144    56    144    72    144    144    144    56    64    112    144    144    96    56    144    48    64    56    144    144    144    64    144    144    144    144    96    144    144    72    144    48    144    64    144    144    144    144    144    72    112    144    144    144    64    144    144    144    144    144    56    144    144    64    144    64    144    48    72    144    144    144    144    144    56    144    144    144    64    48    144    96    144    144    144    144    48    64    
144    72    144    144    48    72    152    144    144    144    48    144    144    144    144    144    144    48    144    144    144    56    144    96    144    72    48    144    152    144    144    144    144    144    96    144    144    64    152    72    144    144    144    144    48    144    144    128    144    144    144    144    144    144    144    144    64    48    144    144    144    64    144    72    144    48    144    144    144    144    64    144    144    144    72    144    144    144    72    72    144    144    144    144    64    48    144    144    144    144    64    144    144    144    112    72    144    96    64    144    72    144    144    48    72    144    72    48    144    152    128    96    96    144    144    144    144    144    144    72    144    144    144    144    112    144    48    72    152    56    144    144    144    64    144    144    144    144    56    144    144    112    128    56    144    144    144    112    96    64    56    144    144    144    144    144    144    72    144    128    144    144    64    48    144    48    144    144    56    128    56    144    128    144    144    144    56    56    144    144    96    56    144    64    144    72    112    144    72    56    144    144    144    72    144    56    144    144    144    144    
144    72    56    144    144    144    144    96    144    144    144    72    48    144    112    144    144    48    64    72    144    48    144    56    144    144    56    144    152    144    144    144    144    72    144    56    128    144    144    72    128    144    48    64    72    144    72    144    144    144    48    56    144    144    144    144    144    64    48    144    144    128    72    144    144    144    144    144    144    144    144    144    48    144    56    72    64    144    48    144    48    96    96    144    144    144    144    64    144    64    72    144    112    112    144    56    144    72    144    144    144    48    96    64    144    144    48    144    96    152    48    144    48    96    144    144    112    144    64    144    48    144    128    48    144    48    144    64    56    144    144    48    144    144    144    144    96    144    144    56    64    144    144    112    112    128    96    144    56    144    144    144    48    112    128    144    64    144    144    64    56    144    96    64    56    144    96    96    144    56    128    144    56    144    64    144    64    96    144    72    144    64    144    144    144    144    64    56    144    112    64    144    144    96    144    144    144    72    144    64    
64    152    144    48    144    144    112    144    144    144    152    144    144    144    64    144    56    144    144    56    96    144    144    152    144    144    64    144    96    144    144    144    128    64    152    144    144    144    144    72    144    48    64    144    56    56    144    112    144    144    96    64    144    112    72    144    144    144    144    112    144    144    64    144    144    56    144    144    64    144    64    48    152    64    144    144    56    144    64    144    144    144    56    152    144    144    144    144    144    96    56    152    56    144    56    144    64    152    144    128    144    64    112    72    144    144    144    64    144    152    56    144    144    144    96    144    144    144    64    56    128    144    144    144    72    96    144    48    96    144    72    144    56    144    144    144    72    144    64    64    48    56    144    56    144    64    144    48    128    144    64    48    144    56    48    128    144    144    64    144    144    144    64    144    56    144    144    144    152    56    144    112    128    48    128    144    144    64    144    144    144    144    72    144    56    112    144    144    144    144    72    128    144    144    48    56    144    144    56    144    
144    144    112    112    144    144    144    72    64    56    144    56    144    48    128    144    48    144    56    72    144    144    144    144    144    144    144    144    152    72    144    144    144    128    152    56    72    144    144    112    144    144    72    144    64    96    144    56    96    72    56    56    144    56    144    64    144    48    128    144    144    144    72    72    144    144    144    144    144    144    56    144    144    144    144    56    56    144    144    144    144    144    128    144    144    72    96    144    64    64    64    152    64    144    144    144    144    144    48    144    144    48    144    48    144    128    144    144    144    112    56    72    72    112    48    64    144    144    144    72    144    56    64    144    144    144    64    144    144    56    56    48    112    64    144    144    144    64    144    144    152    48    144    56    144    144    144    64    144    144    112    144    64    56    64    48    48    144    144    64    64    96    144    144    144    64    112    144    72    144    96    144    112    144    96    144    96    144    64    144    96    144    48    144    144    48    72    72    144    144    144    144    48    152    64    144    144    96    64    144    
144    64    72    144    144    144    72    144    48    56    144    144    48    144    144    144    144    144    72    64    144    48    96    48    144    144    144    144    112    112    56    144    144    56    72    144    144    144    144    96    144    144    48    144    144    144    144    48    128    56    144    56    112    96    144    128    144    152    144    48    48    144    144    56    64    144    144    144    144    144    48    144    112    72    48    144    48    112    144    144    128    144    144    56    96    144    56    72    144    96    48    48    144    72    144    48    64    144    144    64    56    56    144    144    144    48    48    56    64    152    144    72    144    144    144    144    144    144    144    48    144    64    128    96    144    96    72    144    144    144    56    144    144    48    144    48    72    72    144    128    144    144    144    96    144    144    144    144    112    144    48    112    144    144    144    144    144    144    144    144    144    144    144    144    112    144    144    144    64    144    144    144    144    112    144    48    112    144    144    144    144    48    144    96    48    112    64    144    144    144    144    128    64    144    56    144    56    144    144    56    
64    64    144    112    152    144    152    128    152    152    144    144    56    128    112    144    144    144    152    152    112    56    152    144    144    56    64    56    72    144    144    144    144    144    144    56    152    96    152    64    72    144    144    48    72    144    152    152    64    144    144    64    144    72    64    64    144    144    96    152    144    152    64    144    96    56    144    56    64    152    144    64    112    144    152    144    144    144    144    96    64    48    72    56    144    144    144    64    144    152    64    152    96    144    144    144    72    72    144    144    128    144    56    56    112    56    144    144    144    152    72    96    72    144    112    144    152    56    72    144    152    152    152    72    144    72    112    144    144    56    64    128    56    144    96    152    96    144    144    144    152    144    144    144    144    144    48    144    64    144    144    72    56    144    128    144    64    112    144    56    72    56    144    152    144    64    56    144    144    144    56    72    144    152    64    144    96    144    48    152    72    152    152    64    152    152    56    144    56    152    96    160    56    48    72    152    72    144    96    152    
